Dynamical matrix file
                                                                           
  1    2  2  6.7034255  0.0000000  0.0000000  0.0000000  0.0000000  0.0000000
           1  'C   '    10947.3567922507     
    1    1      0.0000000000      0.0000000000      0.0000000000
    2    1     -0.2500000000      0.2500000000      0.2500000000

     Dynamical  Matrix in cartesian axes

     q = (    0.000000000   0.666666667   0.000000000 ) 

    1    1
  0.72540041  0.00000000    0.00000000  0.00000000    0.00000000  0.00000000
  0.00000000  0.00000000    1.11998586  0.00000000    0.00000000  0.00000000
  0.00000000  0.00000000    0.00000000  0.00000000    0.72540041  0.00000000
    1    2
 -0.20070803  0.34763651    0.00000000  0.00000000    0.14920475  0.08614340
 -0.00000000  0.00000000   -0.20406578  0.35345229   -0.00000000  0.00000000
  0.14920475  0.08614340    0.00000000 -0.00000000   -0.20070803  0.34763651
    2    1
 -0.20070803 -0.34763651   -0.00000000  0.00000000    0.14920475 -0.08614340
  0.00000000  0.00000000   -0.20406578 -0.35345229    0.00000000  0.00000000
  0.14920475 -0.08614340   -0.00000000  0.00000000   -0.20070803 -0.34763651
    2    2
  0.72543654  0.00000000    0.00000000  0.00000000    0.00000000  0.00000000
  0.00000000  0.00000000    1.12002200  0.00000000    0.00000000  0.00000000
  0.00000000  0.00000000    0.00000000  0.00000000    0.72543654  0.00000000

     Dynamical  Matrix in cartesian axes

     q = (    0.000000000   0.000000000  -0.666666667 ) 

    1    1
  0.72540041  0.00000000    0.00000000  0.00000000    0.00000000  0.00000000
  0.00000000  0.00000000    0.72540041  0.00000000    0.00000000  0.00000000
  0.00000000  0.00000000    0.00000000  0.00000000    1.11998586  0.00000000
    1    2
 -0.20070803 -0.34763651    0.14920475 -0.08614340   -0.00000000  0.00000000
  0.14920475 -0.08614340   -0.20070803 -0.34763651    0.00000000  0.00000000
 -0.00000000  0.00000000   -0.00000000  0.00000000   -0.20406578 -0.35345229
    2    1
 -0.20070803  0.34763651    0.14920475  0.08614340   -0.00000000  0.00000000
  0.14920475  0.08614340   -0.20070803  0.34763651    0.00000000  0.00000000
 -0.00000000  0.00000000   -0.00000000  0.00000000   -0.20406578  0.35345229
    2    2
  0.72543654  0.00000000   -0.00000000 -0.00000000    0.00000000  0.00000000
 -0.00000000 -0.00000000    0.72543654  0.00000000   -0.00000000  0.00000000
  0.00000000  0.00000000    0.00000000  0.00000000    1.12002200  0.00000000

     Dynamical  Matrix in cartesian axes

     q = (   -0.666666667   0.000000000   0.000000000 ) 

    1    1
  1.11998586  0.00000000    0.00000000  0.00000000    0.00000000  0.00000000
  0.00000000  0.00000000    0.72540041  0.00000000    0.00000000  0.00000000
  0.00000000  0.00000000    0.00000000  0.00000000    0.72540041  0.00000000
    1    2
 -0.20406578  0.35345229   -0.00000000  0.00000000    0.00000000  0.00000000
 -0.00000000  0.00000000   -0.20070803  0.34763651   -0.14920475 -0.08614340
 -0.00000000  0.00000000   -0.14920475 -0.08614340   -0.20070803  0.34763651
    2    1
 -0.20406578 -0.35345229    0.00000000  0.00000000   -0.00000000  0.00000000
  0.00000000  0.00000000   -0.20070803 -0.34763651   -0.14920475  0.08614340
  0.00000000  0.00000000   -0.14920475  0.08614340   -0.20070803 -0.34763651
    2    2
  1.12002200  0.00000000    0.00000000  0.00000000    0.00000000  0.00000000
  0.00000000  0.00000000    0.72543654  0.00000000    0.00000000 -0.00000000
  0.00000000  0.00000000    0.00000000 -0.00000000    0.72543654  0.00000000

     Dynamical  Matrix in cartesian axes

     q = (    0.666666667   0.000000000   0.000000000 ) 

    1    1
  1.11998586  0.00000000    0.00000000  0.00000000    0.00000000  0.00000000
  0.00000000  0.00000000    0.72540041  0.00000000    0.00000000  0.00000000
  0.00000000  0.00000000    0.00000000  0.00000000    0.72540041  0.00000000
    1    2
 -0.20406578 -0.35345229    0.00000000  0.00000000   -0.00000000  0.00000000
  0.00000000  0.00000000   -0.20070803 -0.34763651   -0.14920475  0.08614340
 -0.00000000  0.00000000   -0.14920475  0.08614340   -0.20070803 -0.34763651
    2    1
 -0.20406578  0.35345229    0.00000000  0.00000000   -0.00000000  0.00000000
  0.00000000  0.00000000   -0.20070803  0.34763651   -0.14920475 -0.08614340
 -0.00000000  0.00000000   -0.14920475 -0.08614340   -0.20070803  0.34763651
    2    2
  1.12002200  0.00000000    0.00000000  0.00000000    0.00000000  0.00000000
  0.00000000  0.00000000    0.72543654  0.00000000    0.00000000  0.00000000
  0.00000000  0.00000000    0.00000000  0.00000000    0.72543654  0.00000000

     Dynamical  Matrix in cartesian axes

     q = (    0.000000000  -0.666666667   0.000000000 ) 

    1    1
  0.72540041  0.00000000    0.00000000  0.00000000    0.00000000  0.00000000
  0.00000000  0.00000000    1.11998586  0.00000000    0.00000000  0.00000000
  0.00000000  0.00000000    0.00000000  0.00000000    0.72540041  0.00000000
    1    2
 -0.20070803 -0.34763651   -0.00000000  0.00000000    0.14920475 -0.08614340
 -0.00000000 -0.00000000   -0.20406578 -0.35345229    0.00000000 -0.00000000
  0.14920475 -0.08614340   -0.00000000  0.00000000   -0.20070803 -0.34763651
    2    1
 -0.20070803  0.34763651    0.00000000  0.00000000    0.14920475  0.08614340
  0.00000000  0.00000000   -0.20406578  0.35345229   -0.00000000  0.00000000
  0.14920475  0.08614340   -0.00000000  0.00000000   -0.20070803  0.34763651
    2    2
  0.72543654  0.00000000    0.00000000  0.00000000    0.00000000 -0.00000000
  0.00000000  0.00000000    1.12002200  0.00000000    0.00000000  0.00000000
  0.00000000 -0.00000000    0.00000000  0.00000000    0.72543654  0.00000000

     Dynamical  Matrix in cartesian axes

     q = (    0.000000000   0.000000000   0.666666667 ) 

    1    1
  0.72540041  0.00000000    0.00000000  0.00000000    0.00000000  0.00000000
  0.00000000  0.00000000    0.72540041  0.00000000    0.00000000  0.00000000
  0.00000000  0.00000000    0.00000000  0.00000000    1.11998586  0.00000000
    1    2
 -0.20070803  0.34763651    0.14920475  0.08614340    0.00000000 -0.00000000
  0.14920475  0.08614340   -0.20070803  0.34763651   -0.00000000 -0.00000000
  0.00000000 -0.00000000    0.00000000 -0.00000000   -0.20406578  0.35345229
    2    1
 -0.20070803 -0.34763651    0.14920475 -0.08614340    0.00000000  0.00000000
  0.14920475 -0.08614340   -0.20070803 -0.34763651    0.00000000  0.00000000
  0.00000000  0.00000000    0.00000000  0.00000000   -0.20406578 -0.35345229
    2    2
  0.72543654  0.00000000    0.00000000  0.00000000    0.00000000  0.00000000
  0.00000000  0.00000000    0.72543654  0.00000000   -0.00000000  0.00000000
  0.00000000  0.00000000    0.00000000  0.00000000    1.12002200  0.00000000

     Diagonalizing the dynamical matrix

     q = (    0.000000000   0.666666667   0.000000000 ) 

 **************************************************************************
     freq (    1) =      16.891272 [THz] =     563.432170 [cm-1]
 (  0.241528  0.139446  0.000000  0.000000 -0.324900  0.562743 ) 
 (  0.000000  0.000000  0.000000  0.000000 -0.707092  0.000000 ) 
     freq (    2) =      16.891272 [THz] =     563.432170 [cm-1]
 ( -0.109975 -0.640426  0.000000  0.000000 -0.274869  0.047201 ) 
 (  0.543690 -0.452084  0.000000  0.000000  0.000000  0.000000 ) 
     freq (    3) =      26.529036 [THz] =     884.913391 [cm-1]
 ( -0.000000  0.000000  0.700247  0.098371  0.000000 -0.000000 ) 
 ( -0.000000  0.000000  0.264920  0.655588  0.000000  0.000000 ) 
     freq (    4) =      33.897626 [THz] =    1130.703090 [cm-1]
 (  0.241518  0.139440  0.000000  0.000000 -0.324886  0.562720 ) 
 (  0.000000  0.000000  0.000000  0.000000  0.707121  0.000000 ) 
     freq (    5) =      33.897626 [THz] =    1130.703090 [cm-1]
 ( -0.649761  0.003855  0.000000 -0.000000  0.001655  0.278876 ) 
 (  0.357188  0.610277 -0.000000 -0.000000  0.000000  0.000000 ) 
     freq (    6) =      38.868818 [THz] =    1296.524196 [cm-1]
 (  0.000000  0.000000  0.700216  0.098366  0.000000 -0.000000 ) 
 ( -0.000000 -0.000000 -0.264932 -0.655617  0.000000  0.000000 ) 
 **************************************************************************
