Dynamical matrix file
                                                                           
  1    2  2  6.7034255  0.0000000  0.0000000  0.0000000  0.0000000  0.0000000
           1  'C   '    10947.3567922507     
    1    1      0.0000000000      0.0000000000      0.0000000000
    2    1     -0.2500000000      0.2500000000      0.2500000000

     Dynamical  Matrix in cartesian axes

     q = (    0.000000000   0.666666667   0.000000000 ) 

    1    1
  0.72561035  0.00000000   -0.00000000  0.00000000    0.00000000  0.00000000
 -0.00000000  0.00000000    1.12024268  0.00000000   -0.00000000  0.00000000
  0.00000000  0.00000000   -0.00000000  0.00000000    0.72561035  0.00000000
    1    2
 -0.20053682  0.34733997   -0.00000000  0.00000000    0.14909545  0.08608030
 -0.00000000 -0.00000000   -0.20385785  0.35309216    0.00000000 -0.00000000
  0.14909545  0.08608030   -0.00000000 -0.00000000   -0.20053682  0.34733997
    2    1
 -0.20053682 -0.34733997    0.00000000 -0.00000000    0.14909545 -0.08608030
  0.00000000 -0.00000000   -0.20385785 -0.35309216    0.00000000  0.00000000
  0.14909545 -0.08608030    0.00000000 -0.00000000   -0.20053682 -0.34733997
    2    2
  0.72561035  0.00000000    0.00000000  0.00000000   -0.00000000  0.00000000
 -0.00000000  0.00000000    1.12024268  0.00000000   -0.00000000  0.00000000
  0.00000000  0.00000000   -0.00000000  0.00000000    0.72561035  0.00000000

     Dynamical  Matrix in cartesian axes

     q = (   -0.666666667   0.000000000   0.000000000 ) 

    1    1
  1.12024268  0.00000000   -0.00000000  0.00000000    0.00000000  0.00000000
  0.00000000  0.00000000    0.72561035  0.00000000    0.00000000  0.00000000
  0.00000000  0.00000000    0.00000000  0.00000000    0.72561035  0.00000000
    1    2
 -0.20385785  0.35309216   -0.00000000  0.00000000   -0.00000000 -0.00000000
 -0.00000000 -0.00000000   -0.20053682  0.34733997   -0.14909545 -0.08608030
 -0.00000000  0.00000000   -0.14909545 -0.08608030   -0.20053682  0.34733997
    2    1
 -0.20385785 -0.35309216    0.00000000 -0.00000000   -0.00000000 -0.00000000
  0.00000000  0.00000000   -0.20053682 -0.34733997   -0.14909545  0.08608030
 -0.00000000 -0.00000000   -0.14909545  0.08608030   -0.20053682 -0.34733997
    2    2
  1.12024268  0.00000000   -0.00000000  0.00000000    0.00000000  0.00000000
  0.00000000  0.00000000    0.72561035  0.00000000    0.00000000  0.00000000
  0.00000000  0.00000000    0.00000000  0.00000000    0.72561035  0.00000000

     Dynamical  Matrix in cartesian axes

     q = (    0.000000000  -0.666666667   0.000000000 ) 

    1    1
  0.72561035  0.00000000    0.00000000  0.00000000   -0.00000000  0.00000000
  0.00000000  0.00000000    1.12024268  0.00000000   -0.00000000  0.00000000
 -0.00000000  0.00000000   -0.00000000  0.00000000    0.72561035  0.00000000
    1    2
 -0.20053682 -0.34733997   -0.00000000  0.00000000    0.14909545 -0.08608030
 -0.00000000 -0.00000000   -0.20385785 -0.35309216    0.00000000  0.00000000
  0.14909545 -0.08608030   -0.00000000  0.00000000   -0.20053682 -0.34733997
    2    1
 -0.20053682  0.34733997   -0.00000000  0.00000000    0.14909545  0.08608030
 -0.00000000  0.00000000   -0.20385785  0.35309216    0.00000000  0.00000000
  0.14909545  0.08608030    0.00000000  0.00000000   -0.20053682  0.34733997
    2    2
  0.72561035  0.00000000    0.00000000  0.00000000   -0.00000000  0.00000000
 -0.00000000  0.00000000    1.12024268  0.00000000   -0.00000000  0.00000000
 -0.00000000  0.00000000    0.00000000  0.00000000    0.72561035  0.00000000

     Dynamical  Matrix in cartesian axes

     q = (    0.000000000   0.000000000   0.666666667 ) 

    1    1
  0.72561035  0.00000000    0.00000000  0.00000000    0.00000000  0.00000000
 -0.00000000  0.00000000    0.72561035  0.00000000   -0.00000000  0.00000000
  0.00000000  0.00000000   -0.00000000  0.00000000    1.12024268  0.00000000
    1    2
 -0.20053682  0.34733997    0.14909545  0.08608030   -0.00000000  0.00000000
  0.14909545  0.08608030   -0.20053682  0.34733997    0.00000000 -0.00000000
 -0.00000000  0.00000000    0.00000000 -0.00000000   -0.20385785  0.35309216
    2    1
 -0.20053682 -0.34733997    0.14909545 -0.08608030   -0.00000000 -0.00000000
  0.14909545 -0.08608030   -0.20053682 -0.34733997    0.00000000 -0.00000000
  0.00000000 -0.00000000    0.00000000  0.00000000   -0.20385785 -0.35309216
    2    2
  0.72561035  0.00000000    0.00000000  0.00000000    0.00000000  0.00000000
  0.00000000  0.00000000    0.72561035  0.00000000   -0.00000000  0.00000000
  0.00000000  0.00000000    0.00000000  0.00000000    1.12024268  0.00000000

     Dynamical  Matrix in cartesian axes

     q = (    0.000000000   0.000000000  -0.666666667 ) 

    1    1
  0.72561035  0.00000000    0.00000000  0.00000000    0.00000000  0.00000000
 -0.00000000  0.00000000    0.72561035  0.00000000   -0.00000000  0.00000000
  0.00000000  0.00000000    0.00000000  0.00000000    1.12024268  0.00000000
    1    2
 -0.20053682 -0.34733997    0.14909545 -0.08608030   -0.00000000 -0.00000000
  0.14909545 -0.08608030   -0.20053682 -0.34733997    0.00000000  0.00000000
  0.00000000 -0.00000000    0.00000000  0.00000000   -0.20385785 -0.35309216
    2    1
 -0.20053682  0.34733997    0.14909545  0.08608030   -0.00000000  0.00000000
  0.14909545  0.08608030   -0.20053682  0.34733997    0.00000000  0.00000000
 -0.00000000  0.00000000    0.00000000  0.00000000   -0.20385785  0.35309216
    2    2
  0.72561035  0.00000000   -0.00000000  0.00000000    0.00000000  0.00000000
 -0.00000000  0.00000000    0.72561035  0.00000000    0.00000000  0.00000000
  0.00000000  0.00000000    0.00000000  0.00000000    1.12024268  0.00000000

     Dynamical  Matrix in cartesian axes

     q = (    0.666666667   0.000000000   0.000000000 ) 

    1    1
  1.12024268  0.00000000   -0.00000000  0.00000000    0.00000000  0.00000000
  0.00000000  0.00000000    0.72561035  0.00000000    0.00000000  0.00000000
 -0.00000000  0.00000000    0.00000000  0.00000000    0.72561035  0.00000000
    1    2
 -0.20385785 -0.35309216   -0.00000000 -0.00000000    0.00000000 -0.00000000
 -0.00000000  0.00000000   -0.20053682 -0.34733997   -0.14909545  0.08608030
  0.00000000 -0.00000000   -0.14909545  0.08608030   -0.20053682 -0.34733997
    2    1
 -0.20385785  0.35309216   -0.00000000  0.00000000   -0.00000000  0.00000000
 -0.00000000  0.00000000   -0.20053682  0.34733997   -0.14909545 -0.08608030
 -0.00000000 -0.00000000   -0.14909545 -0.08608030   -0.20053682  0.34733997
    2    2
  1.12024268  0.00000000    0.00000000  0.00000000   -0.00000000  0.00000000
  0.00000000  0.00000000    0.72561035  0.00000000    0.00000000  0.00000000
  0.00000000  0.00000000    0.00000000  0.00000000    0.72561035  0.00000000

     Diagonalizing the dynamical matrix

     q = (    0.000000000   0.666666667   0.000000000 ) 

 **************************************************************************
     freq (    1) =      16.907544 [THz] =     563.974966 [cm-1]
 ( -0.106095 -0.557399  0.000000  0.000000  0.030031 -0.420890 ) 
 (  0.467587 -0.190835  0.000000  0.000000  0.494919  0.000000 ) 
     freq (    2) =      16.907544 [THz] =     563.974966 [cm-1]
 ( -0.234227  0.350981 -0.000000 -0.000000  0.425454 -0.375418 ) 
 ( -0.458225  0.187014  0.000000 -0.000000  0.505030  0.000000 ) 
     freq (    3) =      26.541231 [THz] =     885.320159 [cm-1]
 (  0.000000 -0.000000 -0.218842 -0.672390 -0.000000 -0.000000 ) 
 (  0.000000 -0.000000  0.472886 -0.525718 -0.000000  0.000000 ) 
     freq (    4) =      33.895109 [THz] =    1130.619150 [cm-1]
 ( -0.172961 -0.544064  0.000000 -0.000000  0.048574 -0.414391 ) 
 ( -0.418636  0.236483 -0.000000  0.000000 -0.518479  0.000000 ) 
     freq (    5) =      33.895109 [THz] =    1130.619150 [cm-1]
 ( -0.168722  0.381592 -0.000000  0.000000  0.425416 -0.380712 ) 
 (  0.451432 -0.255009  0.000000 -0.000000 -0.480812  0.000000 ) 
     freq (    6) =      38.866565 [THz] =    1296.449066 [cm-1]
 ( -0.000000  0.000000  0.450400 -0.545105  0.000000  0.000000 ) 
 (  0.000000  0.000000 -0.697275 -0.117505  0.000000  0.000000 ) 
 **************************************************************************
