Dynamical matrix file
                                                                           
  1    2  2  6.7034255  0.0000000  0.0000000  0.0000000  0.0000000  0.0000000
           1  'C   '    10947.3567922507     
    1    1      0.0000000000      0.0000000000      0.0000000000
    2    1     -0.2500000000      0.2500000000      0.2500000000

     Dynamical  Matrix in cartesian axes

     q = (   -0.333333333   0.333333333  -0.333333333 ) 

    1    1
  0.84765246 -0.00000000   -0.09359525  0.00000000    0.09359525 -0.00000000
 -0.09359525  0.00000000    0.84765246 -0.00000000   -0.09359525  0.00000000
  0.09359525 -0.00000000   -0.09359525  0.00000000    0.84765246 -0.00000000
    1    2
 -0.55589199  0.15516548   -0.06497560 -0.03049246    0.06497560  0.03049246
 -0.06497560 -0.03049246   -0.55589199  0.15516548   -0.06497560 -0.03049246
  0.06497560  0.03049246   -0.06497560 -0.03049246   -0.55589199  0.15516548
    2    1
 -0.55589199 -0.15516548   -0.06497560  0.03049246    0.06497560 -0.03049246
 -0.06497560  0.03049246   -0.55589199 -0.15516548   -0.06497560  0.03049246
  0.06497560 -0.03049246   -0.06497560  0.03049246   -0.55589199 -0.15516548
    2    2
  0.84765246  0.00000000   -0.09359525 -0.00000000    0.09359525  0.00000000
 -0.09359525 -0.00000000    0.84765246  0.00000000   -0.09359525 -0.00000000
  0.09359525  0.00000000   -0.09359525 -0.00000000    0.84765246  0.00000000

     Dynamical  Matrix in cartesian axes

     q = (    0.333333333   0.333333333  -0.333333333 ) 

    1    1
  0.84765246  0.00000000    0.09359525  0.00000000   -0.09359525 -0.00000000
  0.09359525  0.00000000    0.84765246  0.00000000   -0.09359525 -0.00000000
 -0.09359525 -0.00000000   -0.09359525 -0.00000000    0.84765246  0.00000000
    1    2
 -0.55589199 -0.15516548    0.06497560 -0.03049246   -0.06497560  0.03049246
  0.06497560 -0.03049246   -0.55589199 -0.15516548   -0.06497560  0.03049246
 -0.06497560  0.03049246   -0.06497560  0.03049246   -0.55589199 -0.15516548
    2    1
 -0.55589199  0.15516548    0.06497560  0.03049246   -0.06497560 -0.03049246
  0.06497560  0.03049246   -0.55589199  0.15516548   -0.06497560 -0.03049246
 -0.06497560 -0.03049246   -0.06497560 -0.03049246   -0.55589199  0.15516548
    2    2
  0.84765246 -0.00000000    0.09359525 -0.00000000   -0.09359525  0.00000000
  0.09359525 -0.00000000    0.84765246 -0.00000000   -0.09359525  0.00000000
 -0.09359525  0.00000000   -0.09359525  0.00000000    0.84765246 -0.00000000

     Dynamical  Matrix in cartesian axes

     q = (    0.333333333   0.333333333   0.333333333 ) 

    1    1
  0.84765246 -0.00000000    0.09359525 -0.00000000    0.09359525 -0.00000000
  0.09359525 -0.00000000    0.84765246 -0.00000000    0.09359525 -0.00000000
  0.09359525 -0.00000000    0.09359525 -0.00000000    0.84765246 -0.00000000
    1    2
 -0.55589199  0.15516548    0.06497560  0.03049246    0.06497560  0.03049246
  0.06497560  0.03049246   -0.55589199  0.15516548    0.06497560  0.03049246
  0.06497560  0.03049246    0.06497560  0.03049246   -0.55589199  0.15516548
    2    1
 -0.55589199 -0.15516548    0.06497560 -0.03049246    0.06497560 -0.03049246
  0.06497560 -0.03049246   -0.55589199 -0.15516548    0.06497560 -0.03049246
  0.06497560 -0.03049246    0.06497560 -0.03049246   -0.55589199 -0.15516548
    2    2
  0.84765246  0.00000000    0.09359525  0.00000000    0.09359525  0.00000000
  0.09359525  0.00000000    0.84765246  0.00000000    0.09359525  0.00000000
  0.09359525  0.00000000    0.09359525  0.00000000    0.84765246  0.00000000

     Dynamical  Matrix in cartesian axes

     q = (   -0.333333333   0.333333333   0.333333333 ) 

    1    1
  0.84765246  0.00000000   -0.09359525 -0.00000000   -0.09359525 -0.00000000
 -0.09359525 -0.00000000    0.84765246  0.00000000    0.09359525  0.00000000
 -0.09359525 -0.00000000    0.09359525  0.00000000    0.84765246  0.00000000
    1    2
  0.14356875  0.55899932    0.05889505  0.04102429    0.05889505  0.04102429
  0.05889505  0.04102429    0.14356875  0.55899932   -0.05889505 -0.04102429
  0.05889505  0.04102429   -0.05889505 -0.04102429    0.14356875  0.55899932
    2    1
  0.14356875 -0.55899932    0.05889505 -0.04102429    0.05889505 -0.04102429
  0.05889505 -0.04102429    0.14356875 -0.55899932   -0.05889505  0.04102429
  0.05889505 -0.04102429   -0.05889505  0.04102429    0.14356875 -0.55899932
    2    2
  0.84765246 -0.00000000   -0.09359525  0.00000000   -0.09359525  0.00000000
 -0.09359525  0.00000000    0.84765246 -0.00000000    0.09359525 -0.00000000
 -0.09359525  0.00000000    0.09359525 -0.00000000    0.84765246 -0.00000000

     Dynamical  Matrix in cartesian axes

     q = (    0.333333333  -0.333333333   0.333333333 ) 

    1    1
  0.84765246  0.00000000   -0.09359525 -0.00000000    0.09359525  0.00000000
 -0.09359525 -0.00000000    0.84765246  0.00000000   -0.09359525 -0.00000000
  0.09359525  0.00000000   -0.09359525 -0.00000000    0.84765246  0.00000000
    1    2
 -0.55589199 -0.15516548   -0.06497560  0.03049246    0.06497560 -0.03049246
 -0.06497560  0.03049246   -0.55589199 -0.15516548   -0.06497560  0.03049246
  0.06497560 -0.03049246   -0.06497560  0.03049246   -0.55589199 -0.15516548
    2    1
 -0.55589199  0.15516548   -0.06497560 -0.03049246    0.06497560  0.03049246
 -0.06497560 -0.03049246   -0.55589199  0.15516548   -0.06497560 -0.03049246
  0.06497560  0.03049246   -0.06497560 -0.03049246   -0.55589199  0.15516548
    2    2
  0.84765246 -0.00000000   -0.09359525  0.00000000    0.09359525 -0.00000000
 -0.09359525  0.00000000    0.84765246 -0.00000000   -0.09359525  0.00000000
  0.09359525 -0.00000000   -0.09359525  0.00000000    0.84765246 -0.00000000

     Dynamical  Matrix in cartesian axes

     q = (   -0.333333333  -0.333333333  -0.333333333 ) 

    1    1
  0.84765246  0.00000000    0.09359525  0.00000000    0.09359525  0.00000000
  0.09359525  0.00000000    0.84765246  0.00000000    0.09359525  0.00000000
  0.09359525  0.00000000    0.09359525  0.00000000    0.84765246  0.00000000
    1    2
 -0.55589199 -0.15516548    0.06497560 -0.03049246    0.06497560 -0.03049246
  0.06497560 -0.03049246   -0.55589199 -0.15516548    0.06497560 -0.03049246
  0.06497560 -0.03049246    0.06497560 -0.03049246   -0.55589199 -0.15516548
    2    1
 -0.55589199  0.15516548    0.06497560  0.03049246    0.06497560  0.03049246
  0.06497560  0.03049246   -0.55589199  0.15516548    0.06497560  0.03049246
  0.06497560  0.03049246    0.06497560  0.03049246   -0.55589199  0.15516548
    2    2
  0.84765246 -0.00000000    0.09359525 -0.00000000    0.09359525 -0.00000000
  0.09359525 -0.00000000    0.84765246 -0.00000000    0.09359525 -0.00000000
  0.09359525 -0.00000000    0.09359525 -0.00000000    0.84765246 -0.00000000

     Dynamical  Matrix in cartesian axes

     q = (    0.333333333  -0.333333333  -0.333333333 ) 

    1    1
  0.84765246 -0.00000000   -0.09359525  0.00000000   -0.09359525  0.00000000
 -0.09359525  0.00000000    0.84765246 -0.00000000    0.09359525 -0.00000000
 -0.09359525  0.00000000    0.09359525 -0.00000000    0.84765246 -0.00000000
    1    2
  0.14356875 -0.55899932    0.05889505 -0.04102429    0.05889505 -0.04102429
  0.05889505 -0.04102429    0.14356875 -0.55899932   -0.05889505  0.04102429
  0.05889505 -0.04102429   -0.05889505  0.04102429    0.14356875 -0.55899932
    2    1
  0.14356875  0.55899932    0.05889505  0.04102429    0.05889505  0.04102429
  0.05889505  0.04102429    0.14356875  0.55899932   -0.05889505 -0.04102429
  0.05889505  0.04102429   -0.05889505 -0.04102429    0.14356875  0.55899932
    2    2
  0.84765246  0.00000000   -0.09359525 -0.00000000   -0.09359525 -0.00000000
 -0.09359525 -0.00000000    0.84765246  0.00000000    0.09359525  0.00000000
 -0.09359525 -0.00000000    0.09359525  0.00000000    0.84765246  0.00000000

     Dynamical  Matrix in cartesian axes

     q = (   -0.333333333  -0.333333333   0.333333333 ) 

    1    1
  0.84765246 -0.00000000    0.09359525 -0.00000000   -0.09359525  0.00000000
  0.09359525 -0.00000000    0.84765246 -0.00000000   -0.09359525  0.00000000
 -0.09359525  0.00000000   -0.09359525  0.00000000    0.84765246 -0.00000000
    1    2
 -0.55589199  0.15516548    0.06497560  0.03049246   -0.06497560 -0.03049246
  0.06497560  0.03049246   -0.55589199  0.15516548   -0.06497560 -0.03049246
 -0.06497560 -0.03049246   -0.06497560 -0.03049246   -0.55589199  0.15516548
    2    1
 -0.55589199 -0.15516548    0.06497560 -0.03049246   -0.06497560  0.03049246
  0.06497560 -0.03049246   -0.55589199 -0.15516548   -0.06497560  0.03049246
 -0.06497560  0.03049246   -0.06497560  0.03049246   -0.55589199 -0.15516548
    2    2
  0.84765246  0.00000000    0.09359525  0.00000000   -0.09359525 -0.00000000
  0.09359525  0.00000000    0.84765246  0.00000000   -0.09359525 -0.00000000
 -0.09359525 -0.00000000   -0.09359525 -0.00000000    0.84765246  0.00000000

     Diagonalizing the dynamical matrix

     q = (   -0.333333333   0.333333333  -0.333333333 ) 

 **************************************************************************
     freq (    1) =      10.928145 [THz] =     364.523687 [cm-1]
 ( -0.367166  0.276230 -0.444467  0.291752 -0.077301  0.015522 ) 
 ( -0.414363  0.198538 -0.493206  0.198538 -0.078844  0.000000 ) 
     freq (    2) =      10.928145 [THz] =     364.523687 [cm-1]
 (  0.336317 -0.095449 -0.224431  0.017151 -0.560748  0.112601 ) 
 (  0.348526 -0.027369 -0.223415 -0.027369 -0.571941  0.000000 ) 
     freq (    3) =      23.470612 [THz] =     782.895353 [cm-1]
 (  0.364055 -0.184745 -0.364055  0.184745  0.364055 -0.184745 ) 
 (  0.408248 -0.000000 -0.408248 -0.000000  0.408248  0.000000 ) 
     freq (    4) =      37.034671 [THz] =    1235.343666 [cm-1]
 (  0.239024 -0.066754 -0.324823  0.046469 -0.563847  0.113223 ) 
 ( -0.247488  0.018390  0.327614  0.018390  0.575102  0.000000 ) 
     freq (    5) =      37.034671 [THz] =    1235.343666 [cm-1]
 (  0.509643  0.109584  0.459738  0.119606 -0.049905  0.010021 ) 
 ( -0.478094 -0.207775 -0.427193 -0.207775  0.050902  0.000000 ) 
     freq (    6) =      38.669329 [THz] =    1289.869967 [cm-1]
 (  0.364055 -0.184745 -0.364055  0.184745  0.364055 -0.184745 ) 
 ( -0.408248 -0.000000  0.408248  0.000000 -0.408248  0.000000 ) 
 **************************************************************************
