Dynamical matrix file
                                                                           
  1    2  2  6.7034255  0.0000000  0.0000000  0.0000000  0.0000000  0.0000000
           1  'C   '    10947.3567922507     
    1    1      0.0000000000      0.0000000000      0.0000000000
    2    1     -0.2500000000      0.2500000000      0.2500000000

     Dynamical  Matrix in cartesian axes

     q = (    0.666666667   0.000000000   0.666666667 ) 

    1    1
  0.80952231  0.00000000    0.00000000 -0.07465655    0.09125085  0.00000000
  0.00000000  0.07465655    1.00246695  0.00000000    0.00000000  0.07465655
  0.09125085  0.00000000   -0.00000000 -0.07465655    0.80952231  0.00000000
    1    2
 -0.21680687  0.00000000   -0.00000000  0.04413987    0.11175303  0.00000000
  0.00000000  0.04413987   -0.22590114  0.00000000    0.00000000  0.04413987
  0.11175303  0.00000000   -0.00000000  0.04413987   -0.21680687  0.00000000
    2    1
 -0.21680687  0.00000000   -0.00000000 -0.04413987    0.11175303  0.00000000
  0.00000000 -0.04413987   -0.22590114  0.00000000    0.00000000 -0.04413987
  0.11175303  0.00000000    0.00000000 -0.04413987   -0.21680687  0.00000000
    2    2
  0.80952231  0.00000000    0.00000000  0.07465655    0.09125085  0.00000000
 -0.00000000 -0.07465655    1.00246695  0.00000000   -0.00000000 -0.07465655
  0.09125085  0.00000000   -0.00000000  0.07465655    0.80952231  0.00000000

     Dynamical  Matrix in cartesian axes

     q = (    0.666666667   0.000000000  -0.666666667 ) 

    1    1
  0.80952231  0.00000000   -0.00000000  0.07465655   -0.09125085  0.00000000
 -0.00000000 -0.07465655    1.00246695  0.00000000   -0.00000000  0.07465655
 -0.09125085  0.00000000    0.00000000 -0.07465655    0.80952231  0.00000000
    1    2
  0.10840343 -0.18776026    0.03822625  0.02206993    0.05587652 -0.09678096
  0.03822625  0.02206993    0.11295057 -0.19563613   -0.03822625 -0.02206993
  0.05587652 -0.09678096   -0.03822625 -0.02206993    0.10840343 -0.18776026
    2    1
  0.10840343  0.18776026    0.03822625 -0.02206993    0.05587652  0.09678096
  0.03822625 -0.02206993    0.11295057  0.19563613   -0.03822625  0.02206993
  0.05587652  0.09678096   -0.03822625  0.02206993    0.10840343  0.18776026
    2    2
  0.80952231  0.00000000    0.00000000 -0.07465655   -0.09125085  0.00000000
  0.00000000  0.07465655    1.00246695  0.00000000    0.00000000 -0.07465655
 -0.09125085  0.00000000    0.00000000  0.07465655    0.80952231  0.00000000

     Dynamical  Matrix in cartesian axes

     q = (   -0.666666667   0.000000000  -0.666666667 ) 

    1    1
  0.80952231  0.00000000    0.00000000  0.07465655    0.09125085  0.00000000
  0.00000000 -0.07465655    1.00246695  0.00000000    0.00000000 -0.07465655
  0.09125085  0.00000000   -0.00000000  0.07465655    0.80952231  0.00000000
    1    2
 -0.21680687  0.00000000    0.00000000 -0.04413987    0.11175303  0.00000000
  0.00000000 -0.04413987   -0.22590114  0.00000000    0.00000000 -0.04413987
  0.11175303  0.00000000    0.00000000 -0.04413987   -0.21680687  0.00000000
    2    1
 -0.21680687  0.00000000   -0.00000000  0.04413987    0.11175303  0.00000000
  0.00000000  0.04413987   -0.22590114  0.00000000    0.00000000  0.04413987
  0.11175303  0.00000000   -0.00000000  0.04413987   -0.21680687  0.00000000
    2    2
  0.80952231  0.00000000    0.00000000 -0.07465655    0.09125085  0.00000000
 -0.00000000  0.07465655    1.00246695  0.00000000   -0.00000000  0.07465655
  0.09125085  0.00000000   -0.00000000 -0.07465655    0.80952231  0.00000000

     Dynamical  Matrix in cartesian axes

     q = (   -0.666666667   0.000000000   0.666666667 ) 

    1    1
  0.80952231  0.00000000   -0.00000000 -0.07465655   -0.09125085  0.00000000
 -0.00000000  0.07465655    1.00246695  0.00000000   -0.00000000 -0.07465655
 -0.09125085  0.00000000    0.00000000  0.07465655    0.80952231  0.00000000
    1    2
  0.10840343  0.18776026    0.03822625 -0.02206993    0.05587652  0.09678096
  0.03822625 -0.02206993    0.11295057  0.19563613   -0.03822625  0.02206993
  0.05587652  0.09678096   -0.03822625  0.02206993    0.10840343  0.18776026
    2    1
  0.10840343 -0.18776026    0.03822625  0.02206993    0.05587652 -0.09678096
  0.03822625  0.02206993    0.11295057 -0.19563613   -0.03822625 -0.02206993
  0.05587652 -0.09678096   -0.03822625 -0.02206993    0.10840343 -0.18776026
    2    2
  0.80952231  0.00000000    0.00000000  0.07465655   -0.09125085  0.00000000
  0.00000000 -0.07465655    1.00246695  0.00000000    0.00000000  0.07465655
 -0.09125085  0.00000000    0.00000000 -0.07465655    0.80952231  0.00000000

     Dynamical  Matrix in cartesian axes

     q = (    0.000000000  -0.666666667   0.666666667 ) 

    1    1
  1.00246695  0.00000000    0.00000000  0.07465655   -0.00000000 -0.07465655
  0.00000000 -0.07465655    0.80952231  0.00000000   -0.09125085  0.00000000
 -0.00000000  0.07465655   -0.09125085  0.00000000    0.80952231  0.00000000
    1    2
 -0.22590114  0.00000000    0.00000000  0.04413987    0.00000000 -0.04413987
  0.00000000  0.04413987   -0.21680687  0.00000000   -0.11175303 -0.00000000
  0.00000000 -0.04413987   -0.11175303 -0.00000000   -0.21680687  0.00000000
    2    1
 -0.22590114  0.00000000    0.00000000 -0.04413987    0.00000000  0.04413987
 -0.00000000 -0.04413987   -0.21680687  0.00000000   -0.11175303  0.00000000
  0.00000000  0.04413987   -0.11175303  0.00000000   -0.21680687  0.00000000
    2    2
  1.00246695  0.00000000   -0.00000000 -0.07465655    0.00000000  0.07465655
  0.00000000  0.07465655    0.80952231  0.00000000   -0.09125085  0.00000000
  0.00000000 -0.07465655   -0.09125085  0.00000000    0.80952231  0.00000000

     Dynamical  Matrix in cartesian axes

     q = (   -0.666666667   0.666666667   0.000000000 ) 

    1    1
  0.80952231  0.00000000   -0.09125085  0.00000000    0.00000000 -0.07465655
 -0.09125085  0.00000000    0.80952231  0.00000000    0.00000000  0.07465655
  0.00000000  0.07465655    0.00000000 -0.07465655    1.00246695  0.00000000
    1    2
  0.10840343  0.18776026    0.05587652  0.09678096    0.03822625 -0.02206993
  0.05587652  0.09678096    0.10840343  0.18776026   -0.03822625  0.02206993
  0.03822625 -0.02206993   -0.03822625  0.02206993    0.11295057  0.19563613
    2    1
  0.10840343 -0.18776026    0.05587652 -0.09678096    0.03822625  0.02206993
  0.05587652 -0.09678096    0.10840343 -0.18776026   -0.03822625 -0.02206993
  0.03822625  0.02206993   -0.03822625 -0.02206993    0.11295057 -0.19563613
    2    2
  0.80952231  0.00000000   -0.09125085  0.00000000    0.00000000  0.07465655
 -0.09125085  0.00000000    0.80952231  0.00000000    0.00000000 -0.07465655
  0.00000000 -0.07465655    0.00000000  0.07465655    1.00246695  0.00000000

     Dynamical  Matrix in cartesian axes

     q = (   -0.666666667  -0.666666667   0.000000000 ) 

    1    1
  0.80952231  0.00000000    0.09125085  0.00000000   -0.00000000  0.07465655
  0.09125085  0.00000000    0.80952231  0.00000000    0.00000000  0.07465655
 -0.00000000 -0.07465655   -0.00000000 -0.07465655    1.00246695  0.00000000
    1    2
 -0.21680687  0.00000000    0.11175303  0.00000000    0.00000000 -0.04413987
  0.11175303  0.00000000   -0.21680687  0.00000000    0.00000000 -0.04413987
  0.00000000 -0.04413987    0.00000000 -0.04413987   -0.22590114  0.00000000
    2    1
 -0.21680687  0.00000000    0.11175303  0.00000000    0.00000000  0.04413987
  0.11175303  0.00000000   -0.21680687  0.00000000    0.00000000  0.04413987
  0.00000000  0.04413987    0.00000000  0.04413987   -0.22590114  0.00000000
    2    2
  0.80952231  0.00000000    0.09125085  0.00000000    0.00000000 -0.07465655
  0.09125085  0.00000000    0.80952231  0.00000000    0.00000000 -0.07465655
  0.00000000  0.07465655    0.00000000  0.07465655    1.00246695  0.00000000

     Dynamical  Matrix in cartesian axes

     q = (    0.666666667   0.666666667   0.000000000 ) 

    1    1
  0.80952231  0.00000000    0.09125085  0.00000000   -0.00000000 -0.07465655
  0.09125085  0.00000000    0.80952231  0.00000000    0.00000000 -0.07465655
 -0.00000000  0.07465655   -0.00000000  0.07465655    1.00246695  0.00000000
    1    2
 -0.21680687  0.00000000    0.11175303  0.00000000    0.00000000  0.04413987
  0.11175303  0.00000000   -0.21680687  0.00000000    0.00000000  0.04413987
  0.00000000  0.04413987    0.00000000  0.04413987   -0.22590114  0.00000000
    2    1
 -0.21680687  0.00000000    0.11175303  0.00000000    0.00000000 -0.04413987
  0.11175303  0.00000000   -0.21680687  0.00000000    0.00000000 -0.04413987
  0.00000000 -0.04413987    0.00000000 -0.04413987   -0.22590114  0.00000000
    2    2
  0.80952231  0.00000000    0.09125085  0.00000000    0.00000000  0.07465655
  0.09125085  0.00000000    0.80952231  0.00000000    0.00000000  0.07465655
  0.00000000 -0.07465655    0.00000000 -0.07465655    1.00246695  0.00000000

     Dynamical  Matrix in cartesian axes

     q = (    0.666666667  -0.666666667   0.000000000 ) 

    1    1
  0.80952231  0.00000000   -0.09125085  0.00000000    0.00000000  0.07465655
 -0.09125085  0.00000000    0.80952231  0.00000000    0.00000000 -0.07465655
  0.00000000 -0.07465655    0.00000000  0.07465655    1.00246695  0.00000000
    1    2
  0.10840343 -0.18776026    0.05587652 -0.09678096    0.03822625  0.02206993
  0.05587652 -0.09678096    0.10840343 -0.18776026   -0.03822625 -0.02206993
  0.03822625  0.02206993   -0.03822625 -0.02206993    0.11295057 -0.19563613
    2    1
  0.10840343  0.18776026    0.05587652  0.09678096    0.03822625 -0.02206993
  0.05587652  0.09678096    0.10840343  0.18776026   -0.03822625  0.02206993
  0.03822625 -0.02206993   -0.03822625  0.02206993    0.11295057  0.19563613
    2    2
  0.80952231  0.00000000   -0.09125085  0.00000000    0.00000000 -0.07465655
 -0.09125085  0.00000000    0.80952231  0.00000000    0.00000000  0.07465655
  0.00000000  0.07465655    0.00000000 -0.07465655    1.00246695  0.00000000

     Dynamical  Matrix in cartesian axes

     q = (    0.000000000   0.666666667   0.666666667 ) 

    1    1
  1.00246695  0.00000000    0.00000000  0.07465655    0.00000000  0.07465655
  0.00000000 -0.07465655    0.80952231  0.00000000    0.09125085  0.00000000
  0.00000000 -0.07465655    0.09125085  0.00000000    0.80952231  0.00000000
    1    2
  0.11295057  0.19563613    0.03822625 -0.02206993    0.03822625 -0.02206993
  0.03822625 -0.02206993    0.10840343  0.18776026   -0.05587652 -0.09678096
  0.03822625 -0.02206993   -0.05587652 -0.09678096    0.10840343  0.18776026
    2    1
  0.11295057 -0.19563613    0.03822625  0.02206993    0.03822625  0.02206993
  0.03822625  0.02206993    0.10840343 -0.18776026   -0.05587652  0.09678096
  0.03822625  0.02206993   -0.05587652  0.09678096    0.10840343 -0.18776026
    2    2
  1.00246695  0.00000000   -0.00000000 -0.07465655    0.00000000 -0.07465655
 -0.00000000  0.07465655    0.80952231  0.00000000    0.09125085  0.00000000
  0.00000000  0.07465655    0.09125085  0.00000000    0.80952231  0.00000000

     Dynamical  Matrix in cartesian axes

     q = (    0.000000000   0.666666667  -0.666666667 ) 

    1    1
  1.00246695  0.00000000    0.00000000 -0.07465655   -0.00000000  0.07465655
  0.00000000  0.07465655    0.80952231  0.00000000   -0.09125085  0.00000000
 -0.00000000 -0.07465655   -0.09125085  0.00000000    0.80952231  0.00000000
    1    2
 -0.22590114  0.00000000    0.00000000 -0.04413987   -0.00000000  0.04413987
  0.00000000 -0.04413987   -0.21680687  0.00000000   -0.11175303 -0.00000000
 -0.00000000  0.04413987   -0.11175303 -0.00000000   -0.21680687  0.00000000
    2    1
 -0.22590114  0.00000000    0.00000000  0.04413987    0.00000000 -0.04413987
 -0.00000000  0.04413987   -0.21680687  0.00000000   -0.11175303  0.00000000
  0.00000000 -0.04413987   -0.11175303  0.00000000   -0.21680687  0.00000000
    2    2
  1.00246695  0.00000000   -0.00000000  0.07465655    0.00000000 -0.07465655
  0.00000000 -0.07465655    0.80952231  0.00000000   -0.09125085  0.00000000
  0.00000000  0.07465655   -0.09125085  0.00000000    0.80952231  0.00000000

     Dynamical  Matrix in cartesian axes

     q = (    0.000000000  -0.666666667  -0.666666667 ) 

    1    1
  1.00246695  0.00000000    0.00000000 -0.07465655    0.00000000 -0.07465655
  0.00000000  0.07465655    0.80952231  0.00000000    0.09125085  0.00000000
  0.00000000  0.07465655    0.09125085  0.00000000    0.80952231  0.00000000
    1    2
  0.11295057 -0.19563613    0.03822625  0.02206993    0.03822625  0.02206993
  0.03822625  0.02206993    0.10840343 -0.18776026   -0.05587652  0.09678096
  0.03822625  0.02206993   -0.05587652  0.09678096    0.10840343 -0.18776026
    2    1
  0.11295057  0.19563613    0.03822625 -0.02206993    0.03822625 -0.02206993
  0.03822625 -0.02206993    0.10840343  0.18776026   -0.05587652 -0.09678096
  0.03822625 -0.02206993   -0.05587652 -0.09678096    0.10840343  0.18776026
    2    2
  1.00246695  0.00000000   -0.00000000  0.07465655    0.00000000  0.07465655
 -0.00000000 -0.07465655    0.80952231  0.00000000    0.09125085  0.00000000
  0.00000000 -0.07465655    0.09125085  0.00000000    0.80952231  0.00000000

     Diagonalizing the dynamical matrix

     q = (    0.666666667  -0.000000000   0.666666667 ) 

 **************************************************************************
     freq (    1) =      19.628723 [THz] =     654.743714 [cm-1]
 ( -0.500000  0.000000 -0.000000  0.000000  0.500000 -0.000000 ) 
 ( -0.500000  0.000000 -0.000000 -0.000000  0.500000  0.000000 ) 
     freq (    2) =      27.014115 [THz] =     901.093887 [cm-1]
 ( -0.472995  0.000000 -0.000000  0.229242 -0.472995 -0.000000 ) 
 ( -0.472995  0.000000 -0.000000 -0.229242 -0.472995  0.000000 ) 
     freq (    3) =      27.567787 [THz] =     919.562398 [cm-1]
 (  0.089533  0.000000  0.000000 -0.695678  0.089533  0.000000 ) 
 ( -0.089533  0.000000  0.000000 -0.695678 -0.089533  0.000000 ) 
     freq (    4) =      31.657109 [THz] =    1055.967501 [cm-1]
 (  0.491918 -0.000000  0.000000  0.126619  0.491918 -0.000000 ) 
 ( -0.491918  0.000000  0.000000  0.126619 -0.491918  0.000000 ) 
     freq (    5) =      32.170570 [THz] =    1073.094719 [cm-1]
 (  0.500000 -0.000000 -0.000000  0.000000 -0.500000  0.000000 ) 
 ( -0.500000  0.000000  0.000000 -0.000000  0.500000  0.000000 ) 
     freq (    6) =      35.655903 [THz] =    1189.352913 [cm-1]
 (  0.162099  0.000000  0.000000  0.668916  0.162099 -0.000000 ) 
 (  0.162099 -0.000000 -0.000000 -0.668916  0.162099  0.000000 ) 
 **************************************************************************
