Dynamical matrix file
                                                                           
  1    2  2  6.7034255  0.0000000  0.0000000  0.0000000  0.0000000  0.0000000
           1  'C   '    10947.3567922507     
    1    1      0.0000000000      0.0000000000      0.0000000000
    2    1     -0.2500000000      0.2500000000      0.2500000000

     Dynamical  Matrix in cartesian axes

     q = (    0.000000000   0.666666667   0.000000000 ) 

    1    1
  0.72408406  0.00000000    0.00000000  0.00000000    0.00000000  0.00000000
  0.00000000  0.00000000    1.11862967  0.00000000    0.00000000  0.00000000
  0.00000000  0.00000000    0.00000000  0.00000000    0.72408406  0.00000000
    1    2
 -0.20033689  0.34699367    0.00000000  0.00000000    0.14826493  0.08560080
 -0.00000000  0.00000000   -0.20368983  0.35280114   -0.00000000  0.00000000
  0.14826493  0.08560080    0.00000000  0.00000000   -0.20033689  0.34699367
    2    1
 -0.20033689 -0.34699367    0.00000000  0.00000000    0.14826493 -0.08560080
  0.00000000  0.00000000   -0.20368983 -0.35280114    0.00000000  0.00000000
  0.14826493 -0.08560080    0.00000000  0.00000000   -0.20033689 -0.34699367
    2    2
  0.72408374  0.00000000    0.00000000  0.00000000    0.00000000  0.00000000
  0.00000000  0.00000000    1.11862996  0.00000000   -0.00000000  0.00000000
  0.00000000  0.00000000   -0.00000000  0.00000000    0.72408374  0.00000000

     Dynamical  Matrix in cartesian axes

     q = (   -0.666666667   0.000000000   0.000000000 ) 

    1    1
  1.11862967  0.00000000    0.00000000  0.00000000    0.00000000  0.00000000
  0.00000000  0.00000000    0.72408406  0.00000000    0.00000000 -0.00000000
 -0.00000000  0.00000000   -0.00000000 -0.00000000    0.72408406  0.00000000
    1    2
 -0.20368983  0.35280114    0.00000000  0.00000000   -0.00000000 -0.00000000
  0.00000000  0.00000000   -0.20033689  0.34699367   -0.14826493 -0.08560080
  0.00000000 -0.00000000   -0.14826493 -0.08560080   -0.20033689  0.34699367
    2    1
 -0.20368983 -0.35280114    0.00000000  0.00000000   -0.00000000  0.00000000
  0.00000000  0.00000000   -0.20033689 -0.34699367   -0.14826493  0.08560080
  0.00000000  0.00000000   -0.14826493  0.08560080   -0.20033689 -0.34699367
    2    2
  1.11862996  0.00000000    0.00000000  0.00000000   -0.00000000  0.00000000
  0.00000000  0.00000000    0.72408374  0.00000000   -0.00000000  0.00000000
 -0.00000000  0.00000000   -0.00000000  0.00000000    0.72408374  0.00000000

     Dynamical  Matrix in cartesian axes

     q = (    0.000000000   0.000000000  -0.666666667 ) 

    1    1
  0.72408406  0.00000000    0.00000000 -0.00000000    0.00000000  0.00000000
  0.00000000 -0.00000000    0.72408406  0.00000000    0.00000000  0.00000000
  0.00000000  0.00000000    0.00000000  0.00000000    1.11862967  0.00000000
    1    2
 -0.20033689 -0.34699367    0.14826493 -0.08560080   -0.00000000 -0.00000000
  0.14826493 -0.08560080   -0.20033689 -0.34699367   -0.00000000 -0.00000000
  0.00000000 -0.00000000   -0.00000000 -0.00000000   -0.20368983 -0.35280114
    2    1
 -0.20033689  0.34699367    0.14826493  0.08560080    0.00000000 -0.00000000
  0.14826493  0.08560080   -0.20033689  0.34699367    0.00000000  0.00000000
  0.00000000  0.00000000    0.00000000  0.00000000   -0.20368983  0.35280114
    2    2
  0.72408374  0.00000000   -0.00000000  0.00000000   -0.00000000  0.00000000
 -0.00000000  0.00000000    0.72408374  0.00000000    0.00000000  0.00000000
 -0.00000000  0.00000000   -0.00000000  0.00000000    1.11862996  0.00000000

     Dynamical  Matrix in cartesian axes

     q = (    0.666666667   0.000000000   0.000000000 ) 

    1    1
  1.11862967  0.00000000    0.00000000  0.00000000    0.00000000  0.00000000
  0.00000000  0.00000000    0.72408406  0.00000000    0.00000000  0.00000000
  0.00000000  0.00000000    0.00000000  0.00000000    0.72408406  0.00000000
    1    2
 -0.20368983 -0.35280114    0.00000000  0.00000000    0.00000000 -0.00000000
 -0.00000000  0.00000000   -0.20033689 -0.34699367   -0.14826493  0.08560080
  0.00000000 -0.00000000   -0.14826493  0.08560080   -0.20033689 -0.34699367
    2    1
 -0.20368983  0.35280114    0.00000000 -0.00000000    0.00000000  0.00000000
  0.00000000  0.00000000   -0.20033689  0.34699367   -0.14826493 -0.08560080
  0.00000000 -0.00000000   -0.14826493 -0.08560080   -0.20033689  0.34699367
    2    2
  1.11862996  0.00000000    0.00000000  0.00000000   -0.00000000  0.00000000
  0.00000000  0.00000000    0.72408374  0.00000000    0.00000000  0.00000000
 -0.00000000  0.00000000    0.00000000  0.00000000    0.72408374  0.00000000

     Dynamical  Matrix in cartesian axes

     q = (    0.000000000  -0.666666667   0.000000000 ) 

    1    1
  0.72408406  0.00000000    0.00000000  0.00000000    0.00000000 -0.00000000
  0.00000000  0.00000000    1.11862967  0.00000000    0.00000000  0.00000000
  0.00000000 -0.00000000    0.00000000  0.00000000    0.72408406  0.00000000
    1    2
 -0.20033689 -0.34699367    0.00000000 -0.00000000    0.14826493 -0.08560080
 -0.00000000 -0.00000000   -0.20368983 -0.35280114   -0.00000000 -0.00000000
  0.14826493 -0.08560080   -0.00000000 -0.00000000   -0.20033689 -0.34699367
    2    1
 -0.20033689  0.34699367    0.00000000  0.00000000    0.14826493  0.08560080
  0.00000000 -0.00000000   -0.20368983  0.35280114    0.00000000 -0.00000000
  0.14826493  0.08560080    0.00000000  0.00000000   -0.20033689  0.34699367
    2    2
  0.72408374  0.00000000    0.00000000  0.00000000   -0.00000000  0.00000000
  0.00000000  0.00000000    1.11862996  0.00000000    0.00000000  0.00000000
 -0.00000000  0.00000000   -0.00000000  0.00000000    0.72408374  0.00000000

     Dynamical  Matrix in cartesian axes

     q = (    0.000000000   0.000000000   0.666666667 ) 

    1    1
  0.72408406  0.00000000    0.00000000  0.00000000   -0.00000000  0.00000000
  0.00000000  0.00000000    0.72408406  0.00000000    0.00000000  0.00000000
 -0.00000000  0.00000000    0.00000000  0.00000000    1.11862967  0.00000000
    1    2
 -0.20033689  0.34699367    0.14826493  0.08560080    0.00000000  0.00000000
  0.14826493  0.08560080   -0.20033689  0.34699367    0.00000000  0.00000000
  0.00000000  0.00000000    0.00000000  0.00000000   -0.20368983  0.35280114
    2    1
 -0.20033689 -0.34699367    0.14826493 -0.08560080    0.00000000 -0.00000000
  0.14826493 -0.08560080   -0.20033689 -0.34699367    0.00000000 -0.00000000
  0.00000000  0.00000000    0.00000000  0.00000000   -0.20368983 -0.35280114
    2    2
  0.72408374  0.00000000    0.00000000  0.00000000   -0.00000000  0.00000000
  0.00000000  0.00000000    0.72408374  0.00000000    0.00000000  0.00000000
 -0.00000000  0.00000000   -0.00000000  0.00000000    1.11862996  0.00000000

     Diagonalizing the dynamical matrix

     q = (    0.000000000   0.666666667   0.000000000 ) 

 **************************************************************************
     freq (    1) =      16.884685 [THz] =     563.212479 [cm-1]
 (  0.200066 -0.058082  0.000000 -0.000000 -0.391960  0.550425 ) 
 (  0.163481 -0.131680  0.000000 -0.000000 -0.675229  0.000000 ) 
     freq (    2) =      16.884685 [THz] =     563.212479 [cm-1]
 ( -0.166964 -0.654770  0.000000 -0.000000 -0.165634 -0.126353 ) 
 (  0.525858 -0.423565  0.000000 -0.000000  0.209918  0.000000 ) 
     freq (    3) =      26.517439 [THz] =     884.526568 [cm-1]
 ( -0.000000  0.000000  0.276738 -0.650704  0.000000  0.000000 ) 
 (  0.000000  0.000000  0.701895 -0.085690  0.000000  0.000000 ) 
     freq (    4) =      33.861965 [THz] =    1129.513563 [cm-1]
 ( -0.420059  0.371185  0.000000  0.000000  0.379837 -0.203707 ) 
 (  0.577969  0.019918 -0.000000  0.000000 -0.406885  0.000000 ) 
     freq (    5) =      33.861965 [THz] =    1129.513563 [cm-1]
 ( -0.001343  0.431012 -0.000000  0.000000 -0.130281  0.545210 ) 
 (  0.406643  0.014014 -0.000000  0.000000  0.578312  0.000000 ) 
     freq (    6) =      38.841770 [THz] =    1295.621995 [cm-1]
 ( -0.000000 -0.000000 -0.276738  0.650704  0.000000 -0.000000 ) 
 ( -0.000000  0.000000  0.701896 -0.085690 -0.000000  0.000000 ) 
 **************************************************************************
