Dynamical matrix file
                                                                           
  1    2  2  6.7034255  0.0000000  0.0000000  0.0000000  0.0000000  0.0000000
           1  'C   '    10947.3567922507     
    1    1      0.0000000000      0.0000000000      0.0000000000
    2    1     -0.2500000000      0.2500000000      0.2500000000

     Dynamical  Matrix in cartesian axes

     q = (   -0.250000000   0.250000000  -0.250000000 ) 

    1    1
  0.84296165  0.00000000   -0.06898184  0.00000000    0.06898184  0.00000000
 -0.06898184  0.00000000    0.84296165  0.00000000   -0.06898184  0.00000000
  0.06898184  0.00000000   -0.06898184  0.00000000    0.84296165  0.00000000
    1    2
 -0.59860439  0.17963412   -0.03292248 -0.03339293    0.03292248  0.03339293
 -0.03292248 -0.03339293   -0.59860439  0.17963412   -0.03292248 -0.03339293
  0.03292248  0.03339293   -0.03292248 -0.03339293   -0.59860439  0.17963412
    2    1
 -0.59860439 -0.17963412   -0.03292248  0.03339293    0.03292248 -0.03339293
 -0.03292248  0.03339293   -0.59860439 -0.17963412   -0.03292248  0.03339293
  0.03292248 -0.03339293   -0.03292248  0.03339293   -0.59860439 -0.17963412
    2    2
  0.84296326 -0.00000000   -0.06898184  0.00000000    0.06898184 -0.00000000
 -0.06898184  0.00000000    0.84296326 -0.00000000   -0.06898184  0.00000000
  0.06898184 -0.00000000   -0.06898184  0.00000000    0.84296326 -0.00000000

     Dynamical  Matrix in cartesian axes

     q = (    0.250000000  -0.250000000   0.250000000 ) 

    1    1
  0.84296165  0.00000000   -0.06898184  0.00000000    0.06898184  0.00000000
 -0.06898184  0.00000000    0.84296165  0.00000000   -0.06898184  0.00000000
  0.06898184  0.00000000   -0.06898184  0.00000000    0.84296165  0.00000000
    1    2
 -0.59860439 -0.17963412   -0.03292248  0.03339293    0.03292248 -0.03339293
 -0.03292248  0.03339293   -0.59860439 -0.17963412   -0.03292248  0.03339293
  0.03292248 -0.03339293   -0.03292248  0.03339293   -0.59860439 -0.17963412
    2    1
 -0.59860439  0.17963412   -0.03292248 -0.03339293    0.03292248  0.03339293
 -0.03292248 -0.03339293   -0.59860439  0.17963412   -0.03292248 -0.03339293
  0.03292248  0.03339293   -0.03292248 -0.03339293   -0.59860439  0.17963412
    2    2
  0.84296326  0.00000000   -0.06898184 -0.00000000    0.06898184  0.00000000
 -0.06898184 -0.00000000    0.84296326  0.00000000   -0.06898184 -0.00000000
  0.06898184  0.00000000   -0.06898184 -0.00000000    0.84296326  0.00000000

     Dynamical  Matrix in cartesian axes

     q = (    0.250000000   0.250000000   0.250000000 ) 

    1    1
  0.84296165  0.00000000    0.06898184  0.00000000    0.06898184  0.00000000
  0.06898184  0.00000000    0.84296165  0.00000000    0.06898184  0.00000000
  0.06898184  0.00000000    0.06898184  0.00000000    0.84296165  0.00000000
    1    2
 -0.59860439  0.17963412    0.03292248  0.03339293    0.03292248  0.03339293
  0.03292248  0.03339293   -0.59860439  0.17963412    0.03292248  0.03339293
  0.03292248  0.03339293    0.03292248  0.03339293   -0.59860439  0.17963412
    2    1
 -0.59860439 -0.17963412    0.03292248 -0.03339293    0.03292248 -0.03339293
  0.03292248 -0.03339293   -0.59860439 -0.17963412    0.03292248 -0.03339293
  0.03292248 -0.03339293    0.03292248 -0.03339293   -0.59860439 -0.17963412
    2    2
  0.84296326 -0.00000000    0.06898184 -0.00000000    0.06898184 -0.00000000
  0.06898184 -0.00000000    0.84296326 -0.00000000    0.06898184 -0.00000000
  0.06898184 -0.00000000    0.06898184 -0.00000000    0.84296326 -0.00000000

     Dynamical  Matrix in cartesian axes

     q = (   -0.250000000  -0.250000000  -0.250000000 ) 

    1    1
  0.84296165  0.00000000    0.06898184  0.00000000    0.06898184  0.00000000
  0.06898184  0.00000000    0.84296165  0.00000000    0.06898184  0.00000000
  0.06898184  0.00000000    0.06898184  0.00000000    0.84296165  0.00000000
    1    2
 -0.59860439 -0.17963412    0.03292248 -0.03339293    0.03292248 -0.03339293
  0.03292248 -0.03339293   -0.59860439 -0.17963412    0.03292248 -0.03339293
  0.03292248 -0.03339293    0.03292248 -0.03339293   -0.59860439 -0.17963412
    2    1
 -0.59860439  0.17963412    0.03292248  0.03339293    0.03292248  0.03339293
  0.03292248  0.03339293   -0.59860439  0.17963412    0.03292248  0.03339293
  0.03292248  0.03339293    0.03292248  0.03339293   -0.59860439  0.17963412
    2    2
  0.84296326  0.00000000    0.06898184  0.00000000    0.06898184  0.00000000
  0.06898184  0.00000000    0.84296326  0.00000000    0.06898184  0.00000000
  0.06898184  0.00000000    0.06898184  0.00000000    0.84296326  0.00000000

     Dynamical  Matrix in cartesian axes

     q = (    0.250000000  -0.250000000  -0.250000000 ) 

    1    1
  0.84296165  0.00000000   -0.06898184  0.00000000   -0.06898184  0.00000000
 -0.06898184  0.00000000    0.84296165  0.00000000    0.06898184  0.00000000
 -0.06898184  0.00000000    0.06898184  0.00000000    0.84296165  0.00000000
    1    2
 -0.17963412 -0.59860439    0.03339293 -0.03292248    0.03339293 -0.03292248
  0.03339293 -0.03292248   -0.17963412 -0.59860439   -0.03339293  0.03292248
  0.03339293 -0.03292248   -0.03339293  0.03292248   -0.17963412 -0.59860439
    2    1
 -0.17963412  0.59860439    0.03339293  0.03292248    0.03339293  0.03292248
  0.03339293  0.03292248   -0.17963412  0.59860439   -0.03339293 -0.03292248
  0.03339293  0.03292248   -0.03339293 -0.03292248   -0.17963412  0.59860439
    2    2
  0.84296326 -0.00000000   -0.06898184  0.00000000   -0.06898184  0.00000000
 -0.06898184  0.00000000    0.84296326 -0.00000000    0.06898184 -0.00000000
 -0.06898184  0.00000000    0.06898184 -0.00000000    0.84296326 -0.00000000

     Dynamical  Matrix in cartesian axes

     q = (   -0.250000000   0.250000000   0.250000000 ) 

    1    1
  0.84296165  0.00000000   -0.06898184  0.00000000   -0.06898184  0.00000000
 -0.06898184  0.00000000    0.84296165  0.00000000    0.06898184  0.00000000
 -0.06898184  0.00000000    0.06898184  0.00000000    0.84296165  0.00000000
    1    2
 -0.17963412  0.59860439    0.03339293  0.03292248    0.03339293  0.03292248
  0.03339293  0.03292248   -0.17963412  0.59860439   -0.03339293 -0.03292248
  0.03339293  0.03292248   -0.03339293 -0.03292248   -0.17963412  0.59860439
    2    1
 -0.17963412 -0.59860439    0.03339293 -0.03292248    0.03339293 -0.03292248
  0.03339293 -0.03292248   -0.17963412 -0.59860439   -0.03339293  0.03292248
  0.03339293 -0.03292248   -0.03339293  0.03292248   -0.17963412 -0.59860439
    2    2
  0.84296326  0.00000000   -0.06898184 -0.00000000   -0.06898184 -0.00000000
 -0.06898184 -0.00000000    0.84296326  0.00000000    0.06898184  0.00000000
 -0.06898184 -0.00000000    0.06898184  0.00000000    0.84296326  0.00000000

     Dynamical  Matrix in cartesian axes

     q = (   -0.250000000  -0.250000000   0.250000000 ) 

    1    1
  0.84296165  0.00000000    0.06898184  0.00000000   -0.06898184  0.00000000
  0.06898184  0.00000000    0.84296165  0.00000000   -0.06898184  0.00000000
 -0.06898184  0.00000000   -0.06898184  0.00000000    0.84296165  0.00000000
    1    2
 -0.59860439  0.17963412    0.03292248  0.03339293   -0.03292248 -0.03339293
  0.03292248  0.03339293   -0.59860439  0.17963412   -0.03292248 -0.03339293
 -0.03292248 -0.03339293   -0.03292248 -0.03339293   -0.59860439  0.17963412
    2    1
 -0.59860439 -0.17963412    0.03292248 -0.03339293   -0.03292248  0.03339293
  0.03292248 -0.03339293   -0.59860439 -0.17963412   -0.03292248  0.03339293
 -0.03292248  0.03339293   -0.03292248  0.03339293   -0.59860439 -0.17963412
    2    2
  0.84296326 -0.00000000    0.06898184 -0.00000000   -0.06898184  0.00000000
  0.06898184 -0.00000000    0.84296326 -0.00000000   -0.06898184  0.00000000
 -0.06898184  0.00000000   -0.06898184  0.00000000    0.84296326 -0.00000000

     Dynamical  Matrix in cartesian axes

     q = (    0.250000000   0.250000000  -0.250000000 ) 

    1    1
  0.84296165  0.00000000    0.06898184  0.00000000   -0.06898184  0.00000000
  0.06898184  0.00000000    0.84296165  0.00000000   -0.06898184  0.00000000
 -0.06898184  0.00000000   -0.06898184  0.00000000    0.84296165  0.00000000
    1    2
 -0.59860439 -0.17963412    0.03292248 -0.03339293   -0.03292248  0.03339293
  0.03292248 -0.03339293   -0.59860439 -0.17963412   -0.03292248  0.03339293
 -0.03292248  0.03339293   -0.03292248  0.03339293   -0.59860439 -0.17963412
    2    1
 -0.59860439  0.17963412    0.03292248  0.03339293   -0.03292248 -0.03339293
  0.03292248  0.03339293   -0.59860439  0.17963412   -0.03292248 -0.03339293
 -0.03292248 -0.03339293   -0.03292248 -0.03339293   -0.59860439  0.17963412
    2    2
  0.84296326  0.00000000    0.06898184  0.00000000   -0.06898184 -0.00000000
  0.06898184  0.00000000    0.84296326  0.00000000   -0.06898184 -0.00000000
 -0.06898184 -0.00000000   -0.06898184 -0.00000000    0.84296326  0.00000000

     Diagonalizing the dynamical matrix

     q = (   -0.250000000   0.250000000  -0.250000000 ) 

 **************************************************************************
     freq (    1) =      11.149655 [THz] =     371.912451 [cm-1]
 (  0.570285 -0.076829  0.320935 -0.019088 -0.249350  0.057741 ) 
 (  0.572915  0.053806  0.316967  0.053806 -0.255948  0.000000 ) 
     freq (    2) =      11.149655 [THz] =     371.912451 [cm-1]
 (  0.031703 -0.034657 -0.472473  0.082094 -0.504176  0.116751 ) 
 (  0.038704 -0.026611 -0.478813 -0.026611 -0.517517  0.000000 ) 
     freq (    3) =      19.734866 [THz] =     658.284266 [cm-1]
 (  0.370532 -0.171384 -0.370532  0.171384  0.370532 -0.171384 ) 
 (  0.408248  0.000000 -0.408248 -0.000000  0.408248  0.000000 ) 
     freq (    4) =      37.497611 [THz] =    1250.785664 [cm-1]
 (  0.146956 -0.096504  0.529641 -0.185121  0.382685 -0.088617 ) 
 ( -0.164939  0.060863 -0.557751  0.060863 -0.392812  0.000000 ) 
     freq (    5) =      37.497611 [THz] =    1250.785664 [cm-1]
 ( -0.520171  0.178453 -0.107957  0.082998  0.412214 -0.095455 ) 
 (  0.547021 -0.056503  0.123898 -0.056503 -0.423123  0.000000 ) 
     freq (    6) =      39.371467 [THz] =    1313.290777 [cm-1]
 (  0.370532 -0.171384 -0.370532  0.171384  0.370532 -0.171384 ) 
 ( -0.408249  0.000000  0.408249 -0.000000 -0.408249  0.000000 ) 
 **************************************************************************
