Dynamical matrix file
                                                                           
  1    2  2  6.7034255  0.0000000  0.0000000  0.0000000  0.0000000  0.0000000
           1  'C   '    10947.3567922507     
    1    1      0.0000000000      0.0000000000      0.0000000000
    2    1     -0.2500000000      0.2500000000      0.2500000000

     Dynamical  Matrix in cartesian axes

     q = (    0.500000000   0.000000000   0.500000000 ) 

    1    1
  0.89352869  0.00000000   -0.00000000 -0.05842862    0.12489025  0.00000000
  0.00000000  0.05842862    0.91574465  0.00000000    0.00000000  0.05842862
  0.12489025  0.00000000   -0.00000000 -0.05842862    0.89352869  0.00000000
    1    2
 -0.38278053  0.00000000    0.00000000  0.07616018    0.05654945  0.00000000
  0.00000000  0.07616015   -0.40102162  0.00000000    0.00000000  0.07616015
  0.05654945  0.00000000   -0.00000000  0.07616018   -0.38278053  0.00000000
    2    1
 -0.38278053  0.00000000    0.00000000 -0.07616015    0.05654945  0.00000000
  0.00000000 -0.07616018   -0.40102162  0.00000000    0.00000000 -0.07616018
  0.05654945  0.00000000    0.00000000 -0.07616015   -0.38278053  0.00000000
    2    2
  0.89352899  0.00000000   -0.00000000  0.05842845    0.12488995  0.00000000
  0.00000000 -0.05842845    0.91574537  0.00000000    0.00000000 -0.05842845
  0.12488995  0.00000000   -0.00000000  0.05842845    0.89352899  0.00000000

     Dynamical  Matrix in cartesian axes

     q = (   -0.500000000   0.000000000  -0.500000000 ) 

    1    1
  0.89352869  0.00000000   -0.00000000  0.05842862    0.12489025  0.00000000
  0.00000000 -0.05842862    0.91574465  0.00000000    0.00000000 -0.05842862
  0.12489025  0.00000000   -0.00000000  0.05842862    0.89352869  0.00000000
    1    2
 -0.38278053  0.00000000    0.00000000 -0.07616018    0.05654945  0.00000000
  0.00000000 -0.07616015   -0.40102162  0.00000000    0.00000000 -0.07616015
  0.05654945  0.00000000   -0.00000000 -0.07616018   -0.38278053  0.00000000
    2    1
 -0.38278053  0.00000000    0.00000000  0.07616015    0.05654945  0.00000000
  0.00000000  0.07616018   -0.40102162  0.00000000    0.00000000  0.07616018
  0.05654945  0.00000000   -0.00000000  0.07616015   -0.38278053  0.00000000
    2    2
  0.89352899  0.00000000   -0.00000000 -0.05842845    0.12488995  0.00000000
  0.00000000  0.05842845    0.91574537  0.00000000    0.00000000  0.05842845
  0.12488995  0.00000000   -0.00000000 -0.05842845    0.89352899  0.00000000

     Dynamical  Matrix in cartesian axes

     q = (    0.000000000  -0.500000000   0.500000000 ) 

    1    1
  0.91574465  0.00000000    0.00000000  0.05842862    0.00000000 -0.05842862
 -0.00000000 -0.05842862    0.89352869  0.00000000   -0.12489025  0.00000000
  0.00000000  0.05842862   -0.12489025  0.00000000    0.89352869  0.00000000
    1    2
 -0.40102162  0.00000000    0.00000000  0.07616015   -0.00000000 -0.07616015
  0.00000000  0.07616018   -0.38278053  0.00000000   -0.05654945  0.00000000
 -0.00000000 -0.07616018   -0.05654945  0.00000000   -0.38278053  0.00000000
    2    1
 -0.40102162  0.00000000    0.00000000 -0.07616018    0.00000000  0.07616018
  0.00000000 -0.07616015   -0.38278053  0.00000000   -0.05654945  0.00000000
 -0.00000000  0.07616015   -0.05654945  0.00000000   -0.38278053  0.00000000
    2    2
  0.91574537  0.00000000    0.00000000 -0.05842845   -0.00000000  0.05842845
  0.00000000  0.05842845    0.89352899  0.00000000   -0.12488995  0.00000000
  0.00000000 -0.05842845   -0.12488995  0.00000000    0.89352899  0.00000000

     Dynamical  Matrix in cartesian axes

     q = (    0.500000000  -0.500000000   0.000000000 ) 

    1    1
  0.89352869  0.00000000   -0.12489025  0.00000000    0.00000000  0.05842862
 -0.12489025  0.00000000    0.89352869  0.00000000    0.00000000 -0.05842862
  0.00000000 -0.05842862    0.00000000  0.05842862    0.91574465  0.00000000
    1    2
 -0.00000000 -0.38278053   -0.00000000 -0.05654945    0.07616018  0.00000000
 -0.00000000 -0.05654945   -0.00000000 -0.38278053   -0.07616018  0.00000000
  0.07616015  0.00000000   -0.07616015  0.00000000   -0.00000000 -0.40102162
    2    1
 -0.00000000  0.38278053   -0.00000000  0.05654945    0.07616015  0.00000000
 -0.00000000  0.05654945   -0.00000000  0.38278053   -0.07616015 -0.00000000
  0.07616018  0.00000000   -0.07616018  0.00000000   -0.00000000  0.40102162
    2    2
  0.89352899  0.00000000   -0.12488995  0.00000000    0.00000000 -0.05842845
 -0.12488995  0.00000000    0.89352899  0.00000000    0.00000000  0.05842845
  0.00000000  0.05842845    0.00000000 -0.05842845    0.91574537  0.00000000

     Dynamical  Matrix in cartesian axes

     q = (    0.000000000  -0.500000000  -0.500000000 ) 

    1    1
  0.91574465  0.00000000    0.00000000 -0.05842862   -0.00000000 -0.05842862
  0.00000000  0.05842862    0.89352869  0.00000000    0.12489025  0.00000000
  0.00000000  0.05842862    0.12489025  0.00000000    0.89352869  0.00000000
    1    2
 -0.00000000 -0.40102162    0.07616015 -0.00000000    0.07616015 -0.00000000
  0.07616018 -0.00000000   -0.00000000 -0.38278053    0.00000000  0.05654945
  0.07616018  0.00000000    0.00000000  0.05654945   -0.00000000 -0.38278053
    2    1
 -0.00000000  0.40102162    0.07616018 -0.00000000    0.07616018  0.00000000
  0.07616015  0.00000000   -0.00000000  0.38278053    0.00000000 -0.05654945
  0.07616015  0.00000000    0.00000000 -0.05654945   -0.00000000  0.38278053
    2    2
  0.91574537  0.00000000    0.00000000  0.05842845    0.00000000  0.05842845
 -0.00000000 -0.05842845    0.89352899  0.00000000    0.12488995  0.00000000
  0.00000000 -0.05842845    0.12488995  0.00000000    0.89352899  0.00000000

     Dynamical  Matrix in cartesian axes

     q = (   -0.500000000   0.000000000   0.500000000 ) 

    1    1
  0.89352869  0.00000000    0.00000000 -0.05842862   -0.12489025  0.00000000
  0.00000000  0.05842862    0.91574465  0.00000000    0.00000000 -0.05842862
 -0.12489025  0.00000000    0.00000000  0.05842862    0.89352869  0.00000000
    1    2
 -0.00000000  0.38278053    0.07616018  0.00000000   -0.00000000  0.05654945
  0.07616015  0.00000000   -0.00000000  0.40102162   -0.07616015 -0.00000000
 -0.00000000  0.05654945   -0.07616018 -0.00000000   -0.00000000  0.38278053
    2    1
 -0.00000000 -0.38278053    0.07616015  0.00000000   -0.00000000 -0.05654945
  0.07616018 -0.00000000   -0.00000000 -0.40102162   -0.07616018  0.00000000
 -0.00000000 -0.05654945   -0.07616015  0.00000000   -0.00000000 -0.38278053
    2    2
  0.89352899  0.00000000   -0.00000000  0.05842845   -0.12488995  0.00000000
  0.00000000 -0.05842845    0.91574537  0.00000000    0.00000000  0.05842845
 -0.12488995  0.00000000   -0.00000000 -0.05842845    0.89352899  0.00000000

     Dynamical  Matrix in cartesian axes

     q = (    0.500000000   0.500000000   0.000000000 ) 

    1    1
  0.89352869  0.00000000    0.12489025  0.00000000    0.00000000 -0.05842862
  0.12489025  0.00000000    0.89352869  0.00000000    0.00000000 -0.05842862
  0.00000000  0.05842862    0.00000000  0.05842862    0.91574465  0.00000000
    1    2
 -0.38278053  0.00000000    0.05654945  0.00000000   -0.00000000  0.07616018
  0.05654945  0.00000000   -0.38278053  0.00000000    0.00000000  0.07616018
 -0.00000000  0.07616015   -0.00000000  0.07616015   -0.40102162  0.00000000
    2    1
 -0.38278053  0.00000000    0.05654945  0.00000000    0.00000000 -0.07616015
  0.05654945  0.00000000   -0.38278053  0.00000000    0.00000000 -0.07616015
 -0.00000000 -0.07616018   -0.00000000 -0.07616018   -0.40102162  0.00000000
    2    2
  0.89352899  0.00000000    0.12488995  0.00000000   -0.00000000  0.05842845
  0.12488995  0.00000000    0.89352899  0.00000000   -0.00000000  0.05842845
 -0.00000000 -0.05842845   -0.00000000 -0.05842845    0.91574537  0.00000000

     Dynamical  Matrix in cartesian axes

     q = (   -0.500000000  -0.500000000   0.000000000 ) 

    1    1
  0.89352869  0.00000000    0.12489025  0.00000000    0.00000000  0.05842862
  0.12489025  0.00000000    0.89352869  0.00000000    0.00000000  0.05842862
  0.00000000 -0.05842862    0.00000000 -0.05842862    0.91574465  0.00000000
    1    2
 -0.38278053  0.00000000    0.05654945  0.00000000   -0.00000000 -0.07616018
  0.05654945  0.00000000   -0.38278053  0.00000000    0.00000000 -0.07616018
 -0.00000000 -0.07616015   -0.00000000 -0.07616015   -0.40102162  0.00000000
    2    1
 -0.38278053  0.00000000    0.05654945  0.00000000   -0.00000000  0.07616015
  0.05654945  0.00000000   -0.38278053  0.00000000   -0.00000000  0.07616015
  0.00000000  0.07616018    0.00000000  0.07616018   -0.40102162  0.00000000
    2    2
  0.89352899  0.00000000    0.12488995  0.00000000   -0.00000000 -0.05842845
  0.12488995  0.00000000    0.89352899  0.00000000   -0.00000000 -0.05842845
 -0.00000000  0.05842845   -0.00000000  0.05842845    0.91574537  0.00000000

     Dynamical  Matrix in cartesian axes

     q = (   -0.500000000   0.500000000   0.000000000 ) 

    1    1
  0.89352869  0.00000000   -0.12489025  0.00000000    0.00000000 -0.05842862
 -0.12489025  0.00000000    0.89352869  0.00000000    0.00000000  0.05842862
  0.00000000  0.05842862    0.00000000 -0.05842862    0.91574465  0.00000000
    1    2
 -0.00000000  0.38278053   -0.00000000  0.05654945    0.07616018  0.00000000
 -0.00000000  0.05654945   -0.00000000  0.38278053   -0.07616018  0.00000000
  0.07616015  0.00000000   -0.07616015 -0.00000000   -0.00000000  0.40102162
    2    1
 -0.00000000 -0.38278053   -0.00000000 -0.05654945    0.07616015 -0.00000000
 -0.00000000 -0.05654945   -0.00000000 -0.38278053   -0.07616015  0.00000000
  0.07616018 -0.00000000   -0.07616018  0.00000000   -0.00000000 -0.40102162
    2    2
  0.89352899  0.00000000   -0.12488995  0.00000000    0.00000000  0.05842845
 -0.12488995  0.00000000    0.89352899  0.00000000    0.00000000 -0.05842845
  0.00000000 -0.05842845    0.00000000  0.05842845    0.91574537  0.00000000

     Dynamical  Matrix in cartesian axes

     q = (    0.500000000   0.000000000  -0.500000000 ) 

    1    1
  0.89352869  0.00000000    0.00000000  0.05842862   -0.12489025  0.00000000
  0.00000000 -0.05842862    0.91574465  0.00000000    0.00000000  0.05842862
 -0.12489025  0.00000000    0.00000000 -0.05842862    0.89352869  0.00000000
    1    2
 -0.00000000 -0.38278053    0.07616018 -0.00000000   -0.00000000 -0.05654945
  0.07616015 -0.00000000   -0.00000000 -0.40102162   -0.07616015  0.00000000
 -0.00000000 -0.05654945   -0.07616018  0.00000000   -0.00000000 -0.38278053
    2    1
 -0.00000000  0.38278053    0.07616015  0.00000000   -0.00000000  0.05654945
  0.07616018  0.00000000   -0.00000000  0.40102162   -0.07616018  0.00000000
 -0.00000000  0.05654945   -0.07616015  0.00000000   -0.00000000  0.38278053
    2    2
  0.89352899  0.00000000   -0.00000000 -0.05842845   -0.12488995  0.00000000
  0.00000000  0.05842845    0.91574537  0.00000000    0.00000000 -0.05842845
 -0.12488995  0.00000000   -0.00000000  0.05842845    0.89352899  0.00000000

     Dynamical  Matrix in cartesian axes

     q = (    0.000000000   0.500000000   0.500000000 ) 

    1    1
  0.91574465  0.00000000    0.00000000  0.05842862   -0.00000000  0.05842862
  0.00000000 -0.05842862    0.89352869  0.00000000    0.12489025  0.00000000
  0.00000000 -0.05842862    0.12489025  0.00000000    0.89352869  0.00000000
    1    2
 -0.00000000  0.40102162    0.07616015  0.00000000    0.07616015  0.00000000
  0.07616018  0.00000000   -0.00000000  0.38278053    0.00000000 -0.05654945
  0.07616018  0.00000000    0.00000000 -0.05654945   -0.00000000  0.38278053
    2    1
 -0.00000000 -0.40102162    0.07616018 -0.00000000    0.07616018 -0.00000000
  0.07616015  0.00000000   -0.00000000 -0.38278053    0.00000000  0.05654945
  0.07616015 -0.00000000    0.00000000  0.05654945   -0.00000000 -0.38278053
    2    2
  0.91574537  0.00000000    0.00000000 -0.05842845    0.00000000 -0.05842845
 -0.00000000  0.05842845    0.89352899  0.00000000    0.12488995  0.00000000
  0.00000000  0.05842845    0.12488995  0.00000000    0.89352899  0.00000000

     Dynamical  Matrix in cartesian axes

     q = (    0.000000000   0.500000000  -0.500000000 ) 

    1    1
  0.91574465  0.00000000    0.00000000 -0.05842862    0.00000000  0.05842862
 -0.00000000  0.05842862    0.89352869  0.00000000   -0.12489025  0.00000000
  0.00000000 -0.05842862   -0.12489025  0.00000000    0.89352869  0.00000000
    1    2
 -0.40102162  0.00000000    0.00000000 -0.07616015   -0.00000000  0.07616015
  0.00000000 -0.07616018   -0.38278053  0.00000000   -0.05654945  0.00000000
 -0.00000000  0.07616018   -0.05654945  0.00000000   -0.38278053  0.00000000
    2    1
 -0.40102162  0.00000000    0.00000000  0.07616018   -0.00000000 -0.07616018
 -0.00000000  0.07616015   -0.38278053  0.00000000   -0.05654945  0.00000000
  0.00000000 -0.07616015   -0.05654945  0.00000000   -0.38278053  0.00000000
    2    2
  0.91574537  0.00000000    0.00000000  0.05842845   -0.00000000 -0.05842845
  0.00000000 -0.05842845    0.89352899  0.00000000   -0.12488995  0.00000000
  0.00000000  0.05842845   -0.12488995  0.00000000    0.89352899  0.00000000

     Diagonalizing the dynamical matrix

     q = (    0.500000000   0.000000000   0.500000000 ) 

 **************************************************************************
     freq (    1) =      18.043552 [THz] =     601.868117 [cm-1]
 ( -0.500000 -0.000000  0.000000  0.000000  0.500000 -0.000000 ) 
 ( -0.500000 -0.000000  0.000000  0.000000  0.500000  0.000000 ) 
     freq (    2) =      22.541757 [THz] =     751.912076 [cm-1]
 (  0.015086  0.000000 -0.000000  0.706785  0.015086  0.000000 ) 
 ( -0.015088  0.000000 -0.000000  0.706784 -0.015088  0.000000 ) 
     freq (    3) =      25.129711 [THz] =     838.236924 [cm-1]
 (  0.481391  0.000000 -0.000000 -0.191116  0.481391  0.000000 ) 
 (  0.481391  0.000000 -0.000000  0.191118  0.481391  0.000000 ) 
     freq (    4) =      34.557972 [THz] =    1152.729855 [cm-1]
 (  0.500000 -0.000000  0.000000 -0.000000 -0.500000 -0.000000 ) 
 ( -0.500000 -0.000000 -0.000000  0.000000  0.500000  0.000000 ) 
     freq (    5) =      36.470964 [THz] =    1216.540408 [cm-1]
 ( -0.499772 -0.000000  0.000000  0.021340 -0.499772 -0.000000 ) 
 (  0.499773 -0.000000 -0.000000  0.021332  0.499773  0.000000 ) 
     freq (    6) =      36.805467 [THz] =    1227.698221 [cm-1]
 (  0.135143  0.000000 -0.000000  0.680789  0.135143  0.000000 ) 
 (  0.135137  0.000000  0.000000 -0.680790  0.135137  0.000000 ) 
 **************************************************************************
