Dynamical matrix file
                                                                           
  1    2  2  6.7034255  0.0000000  0.0000000  0.0000000  0.0000000  0.0000000
           1  'C   '    10947.3567922507     
    1    1      0.0000000000      0.0000000000      0.0000000000
    2    1     -0.2500000000      0.2500000000      0.2500000000

     Dynamical  Matrix in cartesian axes

     q = (    0.666666667   0.000000000   0.666666667 ) 

    1    1
  0.80820768  0.00000000   -0.00000000 -0.07466363    0.09122193  0.00000000
 -0.00000000  0.07466363    1.00112068  0.00000000   -0.00000000  0.07466363
  0.09122193  0.00000000   -0.00000000 -0.07466363    0.80820768  0.00000000
    1    2
 -0.21668439  0.00000000    0.00000000  0.04375647    0.11109290  0.00000000
 -0.00000000  0.04375647   -0.22575618  0.00000000   -0.00000000  0.04375647
  0.11109290  0.00000000   -0.00000000  0.04375647   -0.21668439  0.00000000
    2    1
 -0.21668439  0.00000000    0.00000000 -0.04375647    0.11109290  0.00000000
  0.00000000 -0.04375647   -0.22575618  0.00000000    0.00000000 -0.04375647
  0.11109290  0.00000000    0.00000000 -0.04375647   -0.21668439  0.00000000
    2    2
  0.80820768  0.00000000   -0.00000000  0.07466363    0.09122193  0.00000000
 -0.00000000 -0.07466363    1.00112068  0.00000000   -0.00000000 -0.07466363
  0.09122193  0.00000000   -0.00000000  0.07466363    0.80820768  0.00000000

     Dynamical  Matrix in cartesian axes

     q = (    0.666666667   0.000000000  -0.666666667 ) 

    1    1
  0.80820768  0.00000000    0.00000000  0.07466363   -0.09122193  0.00000000
  0.00000000 -0.07466363    1.00112068  0.00000000    0.00000000  0.07466363
 -0.09122193  0.00000000    0.00000000 -0.07466363    0.80820768  0.00000000
    1    2
  0.10834220 -0.18765419    0.03789421  0.02187823    0.05554645 -0.09620928
  0.03789421  0.02187823    0.11287809 -0.19551059   -0.03789421 -0.02187823
  0.05554645 -0.09620928   -0.03789421 -0.02187823    0.10834220 -0.18765419
    2    1
  0.10834220  0.18765419    0.03789421 -0.02187823    0.05554645  0.09620928
  0.03789421 -0.02187823    0.11287809  0.19551059   -0.03789421  0.02187823
  0.05554645  0.09620928   -0.03789421  0.02187823    0.10834220  0.18765419
    2    2
  0.80820768  0.00000000    0.00000000 -0.07466363   -0.09122193  0.00000000
  0.00000000  0.07466363    1.00112068  0.00000000    0.00000000 -0.07466363
 -0.09122193  0.00000000    0.00000000  0.07466363    0.80820768  0.00000000

     Dynamical  Matrix in cartesian axes

     q = (   -0.666666667   0.000000000  -0.666666667 ) 

    1    1
  0.80820768  0.00000000   -0.00000000  0.07466363    0.09122193  0.00000000
 -0.00000000 -0.07466363    1.00112068  0.00000000   -0.00000000 -0.07466363
  0.09122193  0.00000000   -0.00000000  0.07466363    0.80820768  0.00000000
    1    2
 -0.21668439  0.00000000    0.00000000 -0.04375647    0.11109290  0.00000000
  0.00000000 -0.04375647   -0.22575618  0.00000000    0.00000000 -0.04375647
  0.11109290  0.00000000    0.00000000 -0.04375647   -0.21668439  0.00000000
    2    1
 -0.21668439  0.00000000   -0.00000000  0.04375647    0.11109290  0.00000000
 -0.00000000  0.04375647   -0.22575618  0.00000000   -0.00000000  0.04375647
  0.11109290  0.00000000   -0.00000000  0.04375647   -0.21668439  0.00000000
    2    2
  0.80820768  0.00000000   -0.00000000 -0.07466363    0.09122193  0.00000000
 -0.00000000  0.07466363    1.00112068  0.00000000   -0.00000000  0.07466363
  0.09122193  0.00000000   -0.00000000 -0.07466363    0.80820768  0.00000000

     Dynamical  Matrix in cartesian axes

     q = (   -0.666666667   0.000000000   0.666666667 ) 

    1    1
  0.80820768  0.00000000    0.00000000 -0.07466363   -0.09122193  0.00000000
  0.00000000  0.07466363    1.00112068  0.00000000    0.00000000 -0.07466363
 -0.09122193  0.00000000    0.00000000  0.07466363    0.80820768  0.00000000
    1    2
  0.10834220  0.18765419    0.03789421 -0.02187823    0.05554645  0.09620928
  0.03789421 -0.02187823    0.11287809  0.19551059   -0.03789421  0.02187823
  0.05554645  0.09620928   -0.03789421  0.02187823    0.10834220  0.18765419
    2    1
  0.10834220 -0.18765419    0.03789421  0.02187823    0.05554645 -0.09620928
  0.03789421  0.02187823    0.11287809 -0.19551059   -0.03789421 -0.02187823
  0.05554645 -0.09620928   -0.03789421 -0.02187823    0.10834220 -0.18765419
    2    2
  0.80820768  0.00000000    0.00000000  0.07466363   -0.09122193  0.00000000
  0.00000000 -0.07466363    1.00112068  0.00000000    0.00000000  0.07466363
 -0.09122193  0.00000000    0.00000000 -0.07466363    0.80820768  0.00000000

     Dynamical  Matrix in cartesian axes

     q = (    0.000000000  -0.666666667   0.666666667 ) 

    1    1
  1.00112068  0.00000000    0.00000000  0.07466363    0.00000000 -0.07466363
 -0.00000000 -0.07466363    0.80820768  0.00000000   -0.09122193  0.00000000
  0.00000000  0.07466363   -0.09122193  0.00000000    0.80820768  0.00000000
    1    2
 -0.22575618  0.00000000   -0.00000000  0.04375647    0.00000000 -0.04375647
 -0.00000000  0.04375647   -0.21668439  0.00000000   -0.11109290  0.00000000
  0.00000000 -0.04375647   -0.11109290  0.00000000   -0.21668439  0.00000000
    2    1
 -0.22575618  0.00000000    0.00000000 -0.04375647    0.00000000  0.04375647
  0.00000000 -0.04375647   -0.21668439  0.00000000   -0.11109290  0.00000000
 -0.00000000  0.04375647   -0.11109290  0.00000000   -0.21668439  0.00000000
    2    2
  1.00112068  0.00000000    0.00000000 -0.07466363    0.00000000  0.07466363
 -0.00000000  0.07466363    0.80820768  0.00000000   -0.09122193  0.00000000
  0.00000000 -0.07466363   -0.09122193  0.00000000    0.80820768  0.00000000

     Dynamical  Matrix in cartesian axes

     q = (   -0.666666667   0.666666667   0.000000000 ) 

    1    1
  0.80820768  0.00000000   -0.09122193  0.00000000   -0.00000000 -0.07466363
 -0.09122193  0.00000000    0.80820768  0.00000000   -0.00000000  0.07466363
  0.00000000  0.07466363    0.00000000 -0.07466363    1.00112068  0.00000000
    1    2
  0.10834220  0.18765419    0.05554645  0.09620928    0.03789421 -0.02187823
  0.05554645  0.09620928    0.10834220  0.18765419   -0.03789421  0.02187823
  0.03789421 -0.02187823   -0.03789421  0.02187823    0.11287809  0.19551059
    2    1
  0.10834220 -0.18765419    0.05554645 -0.09620928    0.03789421  0.02187823
  0.05554645 -0.09620928    0.10834220 -0.18765419   -0.03789421 -0.02187823
  0.03789421  0.02187823   -0.03789421 -0.02187823    0.11287809 -0.19551059
    2    2
  0.80820768  0.00000000   -0.09122193  0.00000000   -0.00000000  0.07466363
 -0.09122193  0.00000000    0.80820768  0.00000000   -0.00000000 -0.07466363
  0.00000000 -0.07466363    0.00000000  0.07466363    1.00112068  0.00000000

     Dynamical  Matrix in cartesian axes

     q = (   -0.666666667  -0.666666667   0.000000000 ) 

    1    1
  0.80820768  0.00000000    0.09122193  0.00000000    0.00000000  0.07466363
  0.09122193  0.00000000    0.80820768  0.00000000    0.00000000  0.07466363
  0.00000000 -0.07466363    0.00000000 -0.07466363    1.00112068  0.00000000
    1    2
 -0.21668439  0.00000000    0.11109290  0.00000000    0.00000000 -0.04375647
  0.11109290  0.00000000   -0.21668439  0.00000000    0.00000000 -0.04375647
  0.00000000 -0.04375647    0.00000000 -0.04375647   -0.22575618  0.00000000
    2    1
 -0.21668439  0.00000000    0.11109290  0.00000000   -0.00000000  0.04375647
  0.11109290  0.00000000   -0.21668439  0.00000000    0.00000000  0.04375647
  0.00000000  0.04375647    0.00000000  0.04375647   -0.22575618  0.00000000
    2    2
  0.80820768  0.00000000    0.09122193  0.00000000    0.00000000 -0.07466363
  0.09122193  0.00000000    0.80820768  0.00000000    0.00000000 -0.07466363
  0.00000000  0.07466363    0.00000000  0.07466363    1.00112068  0.00000000

     Dynamical  Matrix in cartesian axes

     q = (    0.666666667   0.666666667   0.000000000 ) 

    1    1
  0.80820768  0.00000000    0.09122193  0.00000000    0.00000000 -0.07466363
  0.09122193  0.00000000    0.80820768  0.00000000    0.00000000 -0.07466363
  0.00000000  0.07466363    0.00000000  0.07466363    1.00112068  0.00000000
    1    2
 -0.21668439  0.00000000    0.11109290  0.00000000   -0.00000000  0.04375647
  0.11109290  0.00000000   -0.21668439  0.00000000   -0.00000000  0.04375647
 -0.00000000  0.04375647   -0.00000000  0.04375647   -0.22575618  0.00000000
    2    1
 -0.21668439  0.00000000    0.11109290  0.00000000    0.00000000 -0.04375647
  0.11109290  0.00000000   -0.21668439  0.00000000    0.00000000 -0.04375647
  0.00000000 -0.04375647    0.00000000 -0.04375647   -0.22575618  0.00000000
    2    2
  0.80820768  0.00000000    0.09122193  0.00000000    0.00000000  0.07466363
  0.09122193  0.00000000    0.80820768  0.00000000    0.00000000  0.07466363
  0.00000000 -0.07466363    0.00000000 -0.07466363    1.00112068  0.00000000

     Dynamical  Matrix in cartesian axes

     q = (    0.666666667  -0.666666667   0.000000000 ) 

    1    1
  0.80820768  0.00000000   -0.09122193  0.00000000   -0.00000000  0.07466363
 -0.09122193  0.00000000    0.80820768  0.00000000   -0.00000000 -0.07466363
  0.00000000 -0.07466363    0.00000000  0.07466363    1.00112068  0.00000000
    1    2
  0.10834220 -0.18765419    0.05554645 -0.09620928    0.03789421  0.02187823
  0.05554645 -0.09620928    0.10834220 -0.18765419   -0.03789421 -0.02187823
  0.03789421  0.02187823   -0.03789421 -0.02187823    0.11287809 -0.19551059
    2    1
  0.10834220  0.18765419    0.05554645  0.09620928    0.03789421 -0.02187823
  0.05554645  0.09620928    0.10834220  0.18765419   -0.03789421  0.02187823
  0.03789421 -0.02187823   -0.03789421  0.02187823    0.11287809  0.19551059
    2    2
  0.80820768  0.00000000   -0.09122193  0.00000000   -0.00000000 -0.07466363
 -0.09122193  0.00000000    0.80820768  0.00000000   -0.00000000  0.07466363
  0.00000000  0.07466363    0.00000000 -0.07466363    1.00112068  0.00000000

     Dynamical  Matrix in cartesian axes

     q = (    0.000000000   0.666666667   0.666666667 ) 

    1    1
  1.00112068  0.00000000    0.00000000  0.07466363    0.00000000  0.07466363
  0.00000000 -0.07466363    0.80820768  0.00000000    0.09122193  0.00000000
 -0.00000000 -0.07466363    0.09122193  0.00000000    0.80820768  0.00000000
    1    2
  0.11287809  0.19551059    0.03789421 -0.02187823    0.03789421 -0.02187823
  0.03789421 -0.02187823    0.10834220  0.18765419   -0.05554645 -0.09620928
  0.03789421 -0.02187823   -0.05554645 -0.09620928    0.10834220  0.18765419
    2    1
  0.11287809 -0.19551059    0.03789421  0.02187823    0.03789421  0.02187823
  0.03789421  0.02187823    0.10834220 -0.18765419   -0.05554645  0.09620928
  0.03789421  0.02187823   -0.05554645  0.09620928    0.10834220 -0.18765419
    2    2
  1.00112068  0.00000000    0.00000000 -0.07466363    0.00000000 -0.07466363
  0.00000000  0.07466363    0.80820768  0.00000000    0.09122193  0.00000000
 -0.00000000  0.07466363    0.09122193  0.00000000    0.80820768  0.00000000

     Dynamical  Matrix in cartesian axes

     q = (    0.000000000   0.666666667  -0.666666667 ) 

    1    1
  1.00112068  0.00000000    0.00000000 -0.07466363    0.00000000  0.07466363
 -0.00000000  0.07466363    0.80820768  0.00000000   -0.09122193  0.00000000
  0.00000000 -0.07466363   -0.09122193  0.00000000    0.80820768  0.00000000
    1    2
 -0.22575618  0.00000000    0.00000000 -0.04375647   -0.00000000  0.04375647
  0.00000000 -0.04375647   -0.21668439  0.00000000   -0.11109290  0.00000000
 -0.00000000  0.04375647   -0.11109290  0.00000000   -0.21668439  0.00000000
    2    1
 -0.22575618  0.00000000   -0.00000000  0.04375647    0.00000000 -0.04375647
 -0.00000000  0.04375647   -0.21668439  0.00000000   -0.11109290  0.00000000
  0.00000000 -0.04375647   -0.11109290  0.00000000   -0.21668439  0.00000000
    2    2
  1.00112068  0.00000000    0.00000000  0.07466363    0.00000000 -0.07466363
 -0.00000000 -0.07466363    0.80820768  0.00000000   -0.09122193  0.00000000
  0.00000000  0.07466363   -0.09122193  0.00000000    0.80820768  0.00000000

     Dynamical  Matrix in cartesian axes

     q = (    0.000000000  -0.666666667  -0.666666667 ) 

    1    1
  1.00112068  0.00000000    0.00000000 -0.07466363    0.00000000 -0.07466363
  0.00000000  0.07466363    0.80820768  0.00000000    0.09122193  0.00000000
 -0.00000000  0.07466363    0.09122193  0.00000000    0.80820768  0.00000000
    1    2
  0.11287809 -0.19551059    0.03789421  0.02187823    0.03789421  0.02187823
  0.03789421  0.02187823    0.10834220 -0.18765419   -0.05554645  0.09620928
  0.03789421  0.02187823   -0.05554645  0.09620928    0.10834220 -0.18765419
    2    1
  0.11287809  0.19551059    0.03789421 -0.02187823    0.03789421 -0.02187823
  0.03789421 -0.02187823    0.10834220  0.18765419   -0.05554645 -0.09620928
  0.03789421 -0.02187823   -0.05554645 -0.09620928    0.10834220  0.18765419
    2    2
  1.00112068  0.00000000    0.00000000  0.07466363    0.00000000  0.07466363
  0.00000000 -0.07466363    0.80820768  0.00000000    0.09122193  0.00000000
 -0.00000000 -0.07466363    0.09122193  0.00000000    0.80820768  0.00000000

     Diagonalizing the dynamical matrix

     q = (    0.666666667  -0.000000000   0.666666667 ) 

 **************************************************************************
     freq (    1) =      19.616049 [THz] =     654.320956 [cm-1]
 ( -0.500000 -0.000000  0.000000 -0.000000  0.500000 -0.000000 ) 
 ( -0.500000  0.000000  0.000000  0.000000  0.500000  0.000000 ) 
     freq (    2) =      26.986391 [THz] =     900.169114 [cm-1]
 ( -0.473154 -0.000000 -0.000000  0.228582 -0.473154 -0.000000 ) 
 ( -0.473154  0.000000 -0.000000 -0.228582 -0.473154  0.000000 ) 
     freq (    3) =      27.542959 [THz] =     918.734214 [cm-1]
 (  0.090428  0.000000  0.000000 -0.695446  0.090428  0.000000 ) 
 ( -0.090428 -0.000000  0.000000 -0.695446 -0.090428  0.000000 ) 
     freq (    4) =      31.647377 [THz] =    1055.642860 [cm-1]
 (  0.491755 -0.000000  0.000000  0.127885  0.491755 -0.000000 ) 
 ( -0.491755  0.000000  0.000000  0.127885 -0.491755  0.000000 ) 
     freq (    5) =      32.138774 [THz] =    1072.034093 [cm-1]
 (  0.500000 -0.000000  0.000000 -0.000000 -0.500000 -0.000000 ) 
 ( -0.500000  0.000000  0.000000  0.000000  0.500000  0.000000 ) 
     freq (    6) =      35.630133 [THz] =    1188.493322 [cm-1]
 (  0.161632 -0.000000  0.000000  0.669141  0.161632 -0.000000 ) 
 (  0.161632  0.000000 -0.000000 -0.669141  0.161632  0.000000 ) 
 **************************************************************************
