Dynamical matrix file
                                                                           
  1    2  2  6.7034255  0.0000000  0.0000000  0.0000000  0.0000000  0.0000000
           1  'C   '    10947.3567922507     
    1    1      0.0000000000      0.0000000000      0.0000000000
    2    1     -0.2500000000      0.2500000000      0.2500000000

     Dynamical  Matrix in cartesian axes

     q = (   -0.333333333   0.333333333  -0.333333333 ) 

    1    1
  0.84632256  0.00000000   -0.09356990 -0.00000000    0.09356990  0.00000000
 -0.09356990 -0.00000000    0.84632256  0.00000000   -0.09356990 -0.00000000
  0.09356990  0.00000000   -0.09356990 -0.00000000    0.84632256  0.00000000
    1    2
 -0.55553128  0.15501434   -0.06466134 -0.03029899    0.06466134  0.03029899
 -0.06466134 -0.03029899   -0.55553128  0.15501434   -0.06466134 -0.03029899
  0.06466134  0.03029899   -0.06466134 -0.03029899   -0.55553128  0.15501434
    2    1
 -0.55553128 -0.15501434   -0.06466134  0.03029899    0.06466134 -0.03029899
 -0.06466134  0.03029899   -0.55553128 -0.15501434   -0.06466134  0.03029899
  0.06466134 -0.03029899   -0.06466134  0.03029899   -0.55553128 -0.15501434
    2    2
  0.84632256 -0.00000000   -0.09356990  0.00000000    0.09356990 -0.00000000
 -0.09356990  0.00000000    0.84632256 -0.00000000   -0.09356990  0.00000000
  0.09356990 -0.00000000   -0.09356990  0.00000000    0.84632256 -0.00000000

     Dynamical  Matrix in cartesian axes

     q = (    0.333333333   0.333333333  -0.333333333 ) 

    1    1
  0.84632256 -0.00000000    0.09356990 -0.00000000   -0.09356990  0.00000000
  0.09356990 -0.00000000    0.84632256 -0.00000000   -0.09356990  0.00000000
 -0.09356990  0.00000000   -0.09356990  0.00000000    0.84632256 -0.00000000
    1    2
 -0.55553128 -0.15501434    0.06466134 -0.03029899   -0.06466134  0.03029899
  0.06466134 -0.03029899   -0.55553128 -0.15501434   -0.06466134  0.03029899
 -0.06466134  0.03029899   -0.06466134  0.03029899   -0.55553128 -0.15501434
    2    1
 -0.55553128  0.15501434    0.06466134  0.03029899   -0.06466134 -0.03029899
  0.06466134  0.03029899   -0.55553128  0.15501434   -0.06466134 -0.03029899
 -0.06466134 -0.03029899   -0.06466134 -0.03029899   -0.55553128  0.15501434
    2    2
  0.84632256  0.00000000    0.09356990  0.00000000   -0.09356990 -0.00000000
  0.09356990  0.00000000    0.84632256  0.00000000   -0.09356990 -0.00000000
 -0.09356990 -0.00000000   -0.09356990 -0.00000000    0.84632256  0.00000000

     Dynamical  Matrix in cartesian axes

     q = (    0.333333333   0.333333333   0.333333333 ) 

    1    1
  0.84632256  0.00000000    0.09356990  0.00000000    0.09356990  0.00000000
  0.09356990  0.00000000    0.84632256  0.00000000    0.09356990  0.00000000
  0.09356990  0.00000000    0.09356990  0.00000000    0.84632256  0.00000000
    1    2
 -0.55553128  0.15501434    0.06466134  0.03029899    0.06466134  0.03029899
  0.06466134  0.03029899   -0.55553128  0.15501434    0.06466134  0.03029899
  0.06466134  0.03029899    0.06466134  0.03029899   -0.55553128  0.15501434
    2    1
 -0.55553128 -0.15501434    0.06466134 -0.03029899    0.06466134 -0.03029899
  0.06466134 -0.03029899   -0.55553128 -0.15501434    0.06466134 -0.03029899
  0.06466134 -0.03029899    0.06466134 -0.03029899   -0.55553128 -0.15501434
    2    2
  0.84632256 -0.00000000    0.09356990 -0.00000000    0.09356990 -0.00000000
  0.09356990 -0.00000000    0.84632256 -0.00000000    0.09356990 -0.00000000
  0.09356990 -0.00000000    0.09356990 -0.00000000    0.84632256 -0.00000000

     Dynamical  Matrix in cartesian axes

     q = (   -0.333333333   0.333333333   0.333333333 ) 

    1    1
  0.84632256 -0.00000000   -0.09356990  0.00000000   -0.09356990  0.00000000
 -0.09356990  0.00000000    0.84632256 -0.00000000    0.09356990 -0.00000000
 -0.09356990  0.00000000    0.09356990 -0.00000000    0.84632256 -0.00000000
    1    2
  0.14351928  0.55861137    0.05857036  0.04084887    0.05857036  0.04084887
  0.05857036  0.04084887    0.14351928  0.55861137   -0.05857036 -0.04084887
  0.05857036  0.04084887   -0.05857036 -0.04084887    0.14351928  0.55861137
    2    1
  0.14351928 -0.55861137    0.05857036 -0.04084887    0.05857036 -0.04084887
  0.05857036 -0.04084887    0.14351928 -0.55861137   -0.05857036  0.04084887
  0.05857036 -0.04084887   -0.05857036  0.04084887    0.14351928 -0.55861137
    2    2
  0.84632256  0.00000000   -0.09356990 -0.00000000   -0.09356990 -0.00000000
 -0.09356990 -0.00000000    0.84632256  0.00000000    0.09356990  0.00000000
 -0.09356990 -0.00000000    0.09356990  0.00000000    0.84632256  0.00000000

     Dynamical  Matrix in cartesian axes

     q = (    0.333333333  -0.333333333   0.333333333 ) 

    1    1
  0.84632256 -0.00000000   -0.09356990  0.00000000    0.09356990 -0.00000000
 -0.09356990  0.00000000    0.84632256 -0.00000000   -0.09356990  0.00000000
  0.09356990 -0.00000000   -0.09356990  0.00000000    0.84632256 -0.00000000
    1    2
 -0.55553128 -0.15501434   -0.06466134  0.03029899    0.06466134 -0.03029899
 -0.06466134  0.03029899   -0.55553128 -0.15501434   -0.06466134  0.03029899
  0.06466134 -0.03029899   -0.06466134  0.03029899   -0.55553128 -0.15501434
    2    1
 -0.55553128  0.15501434   -0.06466134 -0.03029899    0.06466134  0.03029899
 -0.06466134 -0.03029899   -0.55553128  0.15501434   -0.06466134 -0.03029899
  0.06466134  0.03029899   -0.06466134 -0.03029899   -0.55553128  0.15501434
    2    2
  0.84632256  0.00000000   -0.09356990 -0.00000000    0.09356990  0.00000000
 -0.09356990 -0.00000000    0.84632256  0.00000000   -0.09356990 -0.00000000
  0.09356990  0.00000000   -0.09356990 -0.00000000    0.84632256  0.00000000

     Dynamical  Matrix in cartesian axes

     q = (   -0.333333333  -0.333333333  -0.333333333 ) 

    1    1
  0.84632256 -0.00000000    0.09356990 -0.00000000    0.09356990 -0.00000000
  0.09356990 -0.00000000    0.84632256 -0.00000000    0.09356990 -0.00000000
  0.09356990 -0.00000000    0.09356990 -0.00000000    0.84632256 -0.00000000
    1    2
 -0.55553128 -0.15501434    0.06466134 -0.03029899    0.06466134 -0.03029899
  0.06466134 -0.03029899   -0.55553128 -0.15501434    0.06466134 -0.03029899
  0.06466134 -0.03029899    0.06466134 -0.03029899   -0.55553128 -0.15501434
    2    1
 -0.55553128  0.15501434    0.06466134  0.03029899    0.06466134  0.03029899
  0.06466134  0.03029899   -0.55553128  0.15501434    0.06466134  0.03029899
  0.06466134  0.03029899    0.06466134  0.03029899   -0.55553128  0.15501434
    2    2
  0.84632256  0.00000000    0.09356990  0.00000000    0.09356990  0.00000000
  0.09356990  0.00000000    0.84632256  0.00000000    0.09356990  0.00000000
  0.09356990  0.00000000    0.09356990  0.00000000    0.84632256  0.00000000

     Dynamical  Matrix in cartesian axes

     q = (    0.333333333  -0.333333333  -0.333333333 ) 

    1    1
  0.84632256  0.00000000   -0.09356990 -0.00000000   -0.09356990 -0.00000000
 -0.09356990 -0.00000000    0.84632256  0.00000000    0.09356990  0.00000000
 -0.09356990 -0.00000000    0.09356990  0.00000000    0.84632256  0.00000000
    1    2
  0.14351928 -0.55861137    0.05857036 -0.04084887    0.05857036 -0.04084887
  0.05857036 -0.04084887    0.14351928 -0.55861137   -0.05857036  0.04084887
  0.05857036 -0.04084887   -0.05857036  0.04084887    0.14351928 -0.55861137
    2    1
  0.14351928  0.55861137    0.05857036  0.04084887    0.05857036  0.04084887
  0.05857036  0.04084887    0.14351928  0.55861137   -0.05857036 -0.04084887
  0.05857036  0.04084887   -0.05857036 -0.04084887    0.14351928  0.55861137
    2    2
  0.84632256 -0.00000000   -0.09356990  0.00000000   -0.09356990  0.00000000
 -0.09356990  0.00000000    0.84632256 -0.00000000    0.09356990 -0.00000000
 -0.09356990  0.00000000    0.09356990 -0.00000000    0.84632256 -0.00000000

     Dynamical  Matrix in cartesian axes

     q = (   -0.333333333  -0.333333333   0.333333333 ) 

    1    1
  0.84632256  0.00000000    0.09356990  0.00000000   -0.09356990 -0.00000000
  0.09356990  0.00000000    0.84632256  0.00000000   -0.09356990 -0.00000000
 -0.09356990 -0.00000000   -0.09356990 -0.00000000    0.84632256  0.00000000
    1    2
 -0.55553128  0.15501434    0.06466134  0.03029899   -0.06466134 -0.03029899
  0.06466134  0.03029899   -0.55553128  0.15501434   -0.06466134 -0.03029899
 -0.06466134 -0.03029899   -0.06466134 -0.03029899   -0.55553128  0.15501434
    2    1
 -0.55553128 -0.15501434    0.06466134 -0.03029899   -0.06466134  0.03029899
  0.06466134 -0.03029899   -0.55553128 -0.15501434   -0.06466134  0.03029899
 -0.06466134  0.03029899   -0.06466134  0.03029899   -0.55553128 -0.15501434
    2    2
  0.84632256 -0.00000000    0.09356990 -0.00000000   -0.09356990  0.00000000
  0.09356990 -0.00000000    0.84632256 -0.00000000   -0.09356990  0.00000000
 -0.09356990  0.00000000   -0.09356990  0.00000000    0.84632256 -0.00000000

     Diagonalizing the dynamical matrix

     q = (   -0.333333333   0.333333333  -0.333333333 ) 

 **************************************************************************
     freq (    1) =      10.898651 [THz] =     363.539876 [cm-1]
 (  0.431044 -0.087827 -0.102062  0.019376 -0.533107  0.107203 ) 
 (  0.439899 -0.001125 -0.103879 -0.001125 -0.543778  0.000000 ) 
     freq (    2) =      10.898651 [THz] =     363.539876 [cm-1]
 ( -0.365952  0.076807 -0.556151  0.115054 -0.190198  0.038247 ) 
 ( -0.373912  0.003154 -0.567918  0.003154 -0.194006  0.000000 ) 
     freq (    3) =      23.441607 [THz] =     781.927859 [cm-1]
 ( -0.364287  0.184287  0.364287 -0.184287 -0.364287  0.184287 ) 
 ( -0.408248  0.000000  0.408248 -0.000000 -0.408248  0.000000 ) 
     freq (    4) =      37.008528 [THz] =    1234.471626 [cm-1]
 ( -0.380009  0.104037  0.170728 -0.006712  0.550737 -0.110748 ) 
 (  0.393061 -0.027078 -0.168701 -0.027078 -0.561762  0.000000 ) 
     freq (    5) =      37.008528 [THz] =    1234.471626 [cm-1]
 (  0.375812 -0.192012  0.506451 -0.218283  0.130639 -0.026270 ) 
 ( -0.406290  0.114155 -0.539545  0.114155 -0.133255  0.000000 ) 
     freq (    6) =      38.651621 [THz] =    1289.279298 [cm-1]
 ( -0.364287  0.184287  0.364287 -0.184287 -0.364287  0.184287 ) 
 (  0.408248 -0.000000 -0.408248 -0.000000  0.408248  0.000000 ) 
 **************************************************************************
