Dynamical matrix file
                                                                           
  1    2  2  6.7034255  0.0000000  0.0000000  0.0000000  0.0000000  0.0000000
           1  'C   '    10947.3567922507     
    1    1      0.0000000000      0.0000000000      0.0000000000
    2    1     -0.2500000000      0.2500000000      0.2500000000

     Dynamical  Matrix in cartesian axes

     q = (    0.000000000   0.666666667   0.000000000 ) 

    1    1
  0.72429100  0.00000000    0.00000000  0.00000000   -0.00000000  0.00000000
  0.00000000  0.00000000    1.11885121  0.00000000    0.00000000  0.00000000
 -0.00000000  0.00000000    0.00000000  0.00000000    0.72429100  0.00000000
    1    2
 -0.20038401  0.34707529   -0.00000000  0.00000000    0.14844178  0.08570290
  0.00000000 -0.00000000   -0.20370244  0.35282298    0.00000000  0.00000000
  0.14844178  0.08570290    0.00000000 -0.00000000   -0.20038401  0.34707529
    2    1
 -0.20038401 -0.34707529   -0.00000000 -0.00000000    0.14844178 -0.08570290
 -0.00000000 -0.00000000   -0.20370244 -0.35282298   -0.00000000 -0.00000000
  0.14844178 -0.08570290   -0.00000000 -0.00000000   -0.20038401 -0.34707529
    2    2
  0.72429100  0.00000000    0.00000000  0.00000000   -0.00000000 -0.00000000
  0.00000000  0.00000000    1.11885121  0.00000000    0.00000000  0.00000000
 -0.00000000 -0.00000000    0.00000000  0.00000000    0.72429100  0.00000000

     Dynamical  Matrix in cartesian axes

     q = (   -0.666666667   0.000000000   0.000000000 ) 

    1    1
  1.11885121  0.00000000    0.00000000  0.00000000    0.00000000  0.00000000
  0.00000000  0.00000000    0.72429100  0.00000000    0.00000000 -0.00000000
  0.00000000  0.00000000    0.00000000 -0.00000000    0.72429100  0.00000000
    1    2
 -0.20370244  0.35282298    0.00000000  0.00000000   -0.00000000 -0.00000000
 -0.00000000  0.00000000   -0.20038401  0.34707529   -0.14844178 -0.08570290
 -0.00000000 -0.00000000   -0.14844178 -0.08570290   -0.20038401  0.34707529
    2    1
 -0.20370244 -0.35282298   -0.00000000  0.00000000    0.00000000  0.00000000
  0.00000000  0.00000000   -0.20038401 -0.34707529   -0.14844178  0.08570290
 -0.00000000 -0.00000000   -0.14844178  0.08570290   -0.20038401 -0.34707529
    2    2
  1.11885121  0.00000000    0.00000000  0.00000000    0.00000000  0.00000000
  0.00000000  0.00000000    0.72429100  0.00000000    0.00000000  0.00000000
  0.00000000  0.00000000    0.00000000  0.00000000    0.72429100  0.00000000

     Dynamical  Matrix in cartesian axes

     q = (    0.000000000  -0.666666667   0.000000000 ) 

    1    1
  0.72429100  0.00000000    0.00000000  0.00000000   -0.00000000 -0.00000000
  0.00000000  0.00000000    1.11885121  0.00000000    0.00000000  0.00000000
 -0.00000000 -0.00000000    0.00000000  0.00000000    0.72429100  0.00000000
    1    2
 -0.20038401 -0.34707529   -0.00000000  0.00000000    0.14844178 -0.08570290
  0.00000000  0.00000000   -0.20370244 -0.35282298    0.00000000  0.00000000
  0.14844178 -0.08570290    0.00000000  0.00000000   -0.20038401 -0.34707529
    2    1
 -0.20038401  0.34707529   -0.00000000 -0.00000000    0.14844178  0.08570290
  0.00000000 -0.00000000   -0.20370244  0.35282298    0.00000000  0.00000000
  0.14844178  0.08570290   -0.00000000 -0.00000000   -0.20038401  0.34707529
    2    2
  0.72429100  0.00000000    0.00000000  0.00000000   -0.00000000  0.00000000
  0.00000000  0.00000000    1.11885121  0.00000000    0.00000000  0.00000000
 -0.00000000  0.00000000    0.00000000  0.00000000    0.72429100  0.00000000

     Dynamical  Matrix in cartesian axes

     q = (    0.000000000   0.000000000   0.666666667 ) 

    1    1
  0.72429100  0.00000000   -0.00000000  0.00000000    0.00000000  0.00000000
 -0.00000000  0.00000000    0.72429100  0.00000000    0.00000000  0.00000000
  0.00000000  0.00000000    0.00000000  0.00000000    1.11885121  0.00000000
    1    2
 -0.20038401  0.34707529    0.14844178  0.08570290    0.00000000 -0.00000000
  0.14844178  0.08570290   -0.20038401  0.34707529    0.00000000 -0.00000000
  0.00000000 -0.00000000   -0.00000000 -0.00000000   -0.20370244  0.35282298
    2    1
 -0.20038401 -0.34707529    0.14844178 -0.08570290    0.00000000  0.00000000
  0.14844178 -0.08570290   -0.20038401 -0.34707529    0.00000000 -0.00000000
  0.00000000 -0.00000000    0.00000000 -0.00000000   -0.20370244 -0.35282298
    2    2
  0.72429100  0.00000000   -0.00000000 -0.00000000    0.00000000  0.00000000
 -0.00000000 -0.00000000    0.72429100  0.00000000    0.00000000  0.00000000
  0.00000000  0.00000000    0.00000000  0.00000000    1.11885121  0.00000000

     Dynamical  Matrix in cartesian axes

     q = (    0.000000000   0.000000000  -0.666666667 ) 

    1    1
  0.72429100  0.00000000   -0.00000000 -0.00000000    0.00000000  0.00000000
 -0.00000000 -0.00000000    0.72429100  0.00000000    0.00000000  0.00000000
  0.00000000  0.00000000    0.00000000  0.00000000    1.11885121  0.00000000
    1    2
 -0.20038401 -0.34707529    0.14844178 -0.08570290    0.00000000  0.00000000
  0.14844178 -0.08570290   -0.20038401 -0.34707529    0.00000000  0.00000000
  0.00000000  0.00000000    0.00000000 -0.00000000   -0.20370244 -0.35282298
    2    1
 -0.20038401  0.34707529    0.14844178  0.08570290   -0.00000000  0.00000000
  0.14844178  0.08570290   -0.20038401  0.34707529    0.00000000  0.00000000
 -0.00000000 -0.00000000   -0.00000000  0.00000000   -0.20370244  0.35282298
    2    2
  0.72429100  0.00000000   -0.00000000  0.00000000    0.00000000  0.00000000
 -0.00000000  0.00000000    0.72429100  0.00000000    0.00000000  0.00000000
  0.00000000  0.00000000    0.00000000  0.00000000    1.11885121  0.00000000

     Dynamical  Matrix in cartesian axes

     q = (    0.666666667   0.000000000   0.000000000 ) 

    1    1
  1.11885121  0.00000000    0.00000000  0.00000000    0.00000000  0.00000000
  0.00000000  0.00000000    0.72429100  0.00000000    0.00000000  0.00000000
  0.00000000  0.00000000    0.00000000  0.00000000    0.72429100  0.00000000
    1    2
 -0.20370244 -0.35282298    0.00000000  0.00000000    0.00000000  0.00000000
 -0.00000000  0.00000000   -0.20038401 -0.34707529   -0.14844178  0.08570290
  0.00000000  0.00000000   -0.14844178  0.08570290   -0.20038401 -0.34707529
    2    1
 -0.20370244  0.35282298    0.00000000  0.00000000    0.00000000  0.00000000
 -0.00000000  0.00000000   -0.20038401  0.34707529   -0.14844178 -0.08570290
  0.00000000  0.00000000   -0.14844178 -0.08570290   -0.20038401  0.34707529
    2    2
  1.11885121  0.00000000    0.00000000  0.00000000    0.00000000  0.00000000
  0.00000000  0.00000000    0.72429100  0.00000000    0.00000000 -0.00000000
  0.00000000  0.00000000    0.00000000 -0.00000000    0.72429100  0.00000000

     Diagonalizing the dynamical matrix

     q = (    0.000000000   0.666666667   0.000000000 ) 

 **************************************************************************
     freq (    1) =      16.885861 [THz] =     563.251693 [cm-1]
 (  0.623777  0.279459  0.000000 -0.000000  0.063441 -0.169648 ) 
 (  0.075992  0.695406 -0.000000  0.000000 -0.103128  0.000000 ) 
     freq (    2) =      16.885861 [THz] =     563.251693 [cm-1]
 ( -0.151452 -0.099335 -0.000000 -0.000000  0.337936 -0.594133 ) 
 (  0.011203  0.102518 -0.000000 -0.000000  0.699546  0.000000 ) 
     freq (    3) =      26.521096 [THz] =     884.648541 [cm-1]
 (  0.000000 -0.000000 -0.657980  0.258964  0.000000  0.000000 ) 
 ( -0.000000  0.000000 -0.553259 -0.440345 -0.000000  0.000000 ) 
     freq (    4) =      33.867425 [THz] =    1129.695681 [cm-1]
 (  0.146002  0.103302  0.000000  0.000000 -0.335942  0.595949 ) 
 (  0.017903  0.105260  0.000000  0.000000  0.698999  0.000000 ) 
     freq (    5) =      33.867425 [THz] =    1129.695681 [cm-1]
 ( -0.638946 -0.244459  0.000000 -0.000000 -0.046490  0.172704 ) 
 (  0.117207  0.689102  0.000000  0.000000 -0.106772  0.000000 ) 
     freq (    6) =      38.844909 [THz] =    1295.726682 [cm-1]
 (  0.000000  0.000000  0.657980 -0.258964  0.000000 -0.000000 ) 
 (  0.000000 -0.000000 -0.553259 -0.440345  0.000000  0.000000 ) 
 **************************************************************************
