Dynamical matrix file
                                                                           
  1    2  2  6.7034255  0.0000000  0.0000000  0.0000000  0.0000000  0.0000000
           1  'C   '    10947.3567922507     
    1    1      0.0000000000      0.0000000000      0.0000000000
    2    1     -0.2500000000      0.2500000000      0.2500000000

     Dynamical  Matrix in cartesian axes

     q = (    0.000000000   0.666666667   0.000000000 ) 

    1    1
  0.72409327  0.00000000    0.00000000  0.00000000   -0.00000000  0.00000000
  0.00000000  0.00000000    1.11868543  0.00000000    0.00000000  0.00000000
 -0.00000000  0.00000000    0.00000000  0.00000000    0.72409327  0.00000000
    1    2
 -0.20033786  0.34699536    0.00000000  0.00000000    0.14828956  0.08561502
  0.00000000  0.00000000   -0.20367511  0.35277563   -0.00000000  0.00000000
  0.14828956  0.08561502    0.00000000  0.00000000   -0.20033786  0.34699536
    2    1
 -0.20033786 -0.34699536   -0.00000000 -0.00000000    0.14828956 -0.08561502
  0.00000000 -0.00000000   -0.20367511 -0.35277563   -0.00000000 -0.00000000
  0.14828956 -0.08561502   -0.00000000 -0.00000000   -0.20033786 -0.34699536
    2    2
  0.72409327  0.00000000   -0.00000000  0.00000000    0.00000000  0.00000000
 -0.00000000  0.00000000    1.11868543  0.00000000   -0.00000000  0.00000000
  0.00000000  0.00000000   -0.00000000  0.00000000    0.72409327  0.00000000

     Dynamical  Matrix in cartesian axes

     q = (   -0.666666667   0.000000000   0.000000000 ) 

    1    1
  1.11868543  0.00000000    0.00000000  0.00000000    0.00000000  0.00000000
  0.00000000  0.00000000    0.72409327  0.00000000    0.00000000  0.00000000
  0.00000000  0.00000000    0.00000000  0.00000000    0.72409327  0.00000000
    1    2
 -0.20367511  0.35277563    0.00000000  0.00000000    0.00000000  0.00000000
  0.00000000  0.00000000   -0.20033786  0.34699536   -0.14828956 -0.08561502
  0.00000000  0.00000000   -0.14828956 -0.08561502   -0.20033786  0.34699536
    2    1
 -0.20367511 -0.35277563    0.00000000 -0.00000000    0.00000000  0.00000000
  0.00000000 -0.00000000   -0.20033786 -0.34699536   -0.14828956  0.08561502
 -0.00000000  0.00000000   -0.14828956  0.08561502   -0.20033786 -0.34699536
    2    2
  1.11868543  0.00000000    0.00000000  0.00000000    0.00000000  0.00000000
  0.00000000  0.00000000    0.72409327  0.00000000    0.00000000  0.00000000
  0.00000000  0.00000000    0.00000000  0.00000000    0.72409327  0.00000000

     Dynamical  Matrix in cartesian axes

     q = (    0.000000000  -0.666666667   0.000000000 ) 

    1    1
  0.72409327  0.00000000    0.00000000  0.00000000   -0.00000000  0.00000000
  0.00000000  0.00000000    1.11868543  0.00000000    0.00000000  0.00000000
 -0.00000000  0.00000000   -0.00000000  0.00000000    0.72409327  0.00000000
    1    2
 -0.20033786 -0.34699536    0.00000000  0.00000000    0.14828956 -0.08561502
  0.00000000  0.00000000   -0.20367511 -0.35277563   -0.00000000  0.00000000
  0.14828956 -0.08561502   -0.00000000  0.00000000   -0.20033786 -0.34699536
    2    1
 -0.20033786  0.34699536    0.00000000  0.00000000    0.14828956  0.08561502
  0.00000000  0.00000000   -0.20367511  0.35277563    0.00000000  0.00000000
  0.14828956  0.08561502    0.00000000  0.00000000   -0.20033786  0.34699536
    2    2
  0.72409327  0.00000000    0.00000000  0.00000000    0.00000000  0.00000000
  0.00000000  0.00000000    1.11868543  0.00000000    0.00000000  0.00000000
  0.00000000  0.00000000    0.00000000  0.00000000    0.72409327  0.00000000

     Dynamical  Matrix in cartesian axes

     q = (    0.000000000   0.000000000   0.666666667 ) 

    1    1
  0.72409327  0.00000000    0.00000000  0.00000000    0.00000000  0.00000000
 -0.00000000  0.00000000    0.72409327  0.00000000    0.00000000  0.00000000
  0.00000000  0.00000000    0.00000000  0.00000000    1.11868543  0.00000000
    1    2
 -0.20033786  0.34699536    0.14828956  0.08561502    0.00000000  0.00000000
  0.14828956  0.08561502   -0.20033786  0.34699536    0.00000000  0.00000000
 -0.00000000  0.00000000   -0.00000000  0.00000000   -0.20367511  0.35277563
    2    1
 -0.20033786 -0.34699536    0.14828956 -0.08561502   -0.00000000 -0.00000000
  0.14828956 -0.08561502   -0.20033786 -0.34699536   -0.00000000 -0.00000000
 -0.00000000 -0.00000000   -0.00000000 -0.00000000   -0.20367511 -0.35277563
    2    2
  0.72409327  0.00000000    0.00000000  0.00000000   -0.00000000  0.00000000
  0.00000000  0.00000000    0.72409327  0.00000000   -0.00000000  0.00000000
 -0.00000000  0.00000000   -0.00000000  0.00000000    1.11868543  0.00000000

     Dynamical  Matrix in cartesian axes

     q = (    0.000000000   0.000000000  -0.666666667 ) 

    1    1
  0.72409327  0.00000000    0.00000000  0.00000000    0.00000000  0.00000000
  0.00000000  0.00000000    0.72409327  0.00000000    0.00000000  0.00000000
  0.00000000  0.00000000    0.00000000  0.00000000    1.11868543  0.00000000
    1    2
 -0.20033786 -0.34699536    0.14828956 -0.08561502    0.00000000 -0.00000000
  0.14828956 -0.08561502   -0.20033786 -0.34699536    0.00000000 -0.00000000
  0.00000000 -0.00000000    0.00000000 -0.00000000   -0.20367511 -0.35277563
    2    1
 -0.20033786  0.34699536    0.14828956  0.08561502   -0.00000000 -0.00000000
  0.14828956  0.08561502   -0.20033786  0.34699536    0.00000000 -0.00000000
  0.00000000 -0.00000000    0.00000000 -0.00000000   -0.20367511  0.35277563
    2    2
  0.72409327  0.00000000    0.00000000  0.00000000    0.00000000  0.00000000
  0.00000000  0.00000000    0.72409327  0.00000000    0.00000000  0.00000000
  0.00000000  0.00000000    0.00000000  0.00000000    1.11868543  0.00000000

     Dynamical  Matrix in cartesian axes

     q = (    0.666666667   0.000000000   0.000000000 ) 

    1    1
  1.11868543  0.00000000    0.00000000  0.00000000   -0.00000000  0.00000000
  0.00000000  0.00000000    0.72409327  0.00000000    0.00000000  0.00000000
 -0.00000000  0.00000000    0.00000000  0.00000000    0.72409327  0.00000000
    1    2
 -0.20367511 -0.35277563    0.00000000  0.00000000   -0.00000000 -0.00000000
  0.00000000  0.00000000   -0.20033786 -0.34699536   -0.14828956  0.08561502
 -0.00000000 -0.00000000   -0.14828956  0.08561502   -0.20033786 -0.34699536
    2    1
 -0.20367511  0.35277563    0.00000000 -0.00000000    0.00000000  0.00000000
 -0.00000000  0.00000000   -0.20033786  0.34699536   -0.14828956 -0.08561502
  0.00000000  0.00000000   -0.14828956 -0.08561502   -0.20033786  0.34699536
    2    2
  1.11868543  0.00000000    0.00000000  0.00000000    0.00000000  0.00000000
 -0.00000000  0.00000000    0.72409327  0.00000000    0.00000000  0.00000000
  0.00000000  0.00000000    0.00000000  0.00000000    0.72409327  0.00000000

     Diagonalizing the dynamical matrix

     q = (    0.000000000   0.666666667   0.000000000 ) 

 **************************************************************************
     freq (    1) =      16.884580 [THz] =     563.208960 [cm-1]
 ( -0.191325 -0.638706  0.000000 -0.000000 -0.234939  0.015920 ) 
 (  0.497496 -0.497604  0.000000  0.000000  0.069912  0.000000 ) 
     freq (    2) =      16.884580 [THz] =     563.208960 [cm-1]
 ( -0.222821 -0.076161 -0.000000 -0.000000  0.350054 -0.567462 ) 
 ( -0.049430  0.049441  0.000000 -0.000000  0.703642  0.000000 ) 
     freq (    3) =      26.519025 [THz] =     884.579461 [cm-1]
 (  0.000000 -0.000000  0.263929 -0.656004 -0.000000 -0.000000 ) 
 ( -0.000000  0.000000  0.700081 -0.099433 -0.000000  0.000000 ) 
     freq (    4) =      33.862291 [THz] =    1129.524442 [cm-1]
 ( -0.144181 -0.643611 -0.000000  0.000000 -0.253710  0.024657 ) 
 ( -0.527750  0.468977 -0.000000  0.000000 -0.039244  0.000000 ) 
     freq (    5) =      33.862291 [THz] =    1129.524442 [cm-1]
 (  0.233003  0.103376  0.000000  0.000000 -0.339714  0.565347 ) 
 ( -0.029335  0.026068  0.000000 -0.000000  0.706017  0.000000 ) 
     freq (    6) =      38.842103 [THz] =    1295.633101 [cm-1]
 (  0.000000  0.000000 -0.700266 -0.098122  0.000000  0.000000 ) 
 (  0.000000  0.000000  0.265157  0.655509  0.000000  0.000000 ) 
 **************************************************************************
