Dynamical matrix file
                                                                           
  1    2  2  6.7034255  0.0000000  0.0000000  0.0000000  0.0000000  0.0000000
           1  'C   '    10947.3567922507     
    1    1      0.0000000000      0.0000000000      0.0000000000
    2    1     -0.2500000000      0.2500000000      0.2500000000

     Dynamical  Matrix in cartesian axes

     q = (   -0.333333333   0.333333333  -0.333333333 ) 

    1    1
  0.84613101  0.00000000   -0.09358254  0.00000000    0.09358254  0.00000000
 -0.09358254  0.00000000    0.84613101  0.00000000   -0.09358254  0.00000000
  0.09358254  0.00000000   -0.09358254  0.00000000    0.84613101  0.00000000
    1    2
 -0.55540116  0.15498941   -0.06457457 -0.03026528    0.06457457  0.03026528
 -0.06457457 -0.03026528   -0.55540116  0.15498941   -0.06457457 -0.03026528
  0.06457457  0.03026528   -0.06457457 -0.03026528   -0.55540116  0.15498941
    2    1
 -0.55540116 -0.15498941   -0.06457457  0.03026528    0.06457457 -0.03026528
 -0.06457457  0.03026528   -0.55540116 -0.15498941   -0.06457457  0.03026528
  0.06457457 -0.03026528   -0.06457457  0.03026528   -0.55540116 -0.15498941
    2    2
  0.84613101  0.00000000   -0.09358254  0.00000000    0.09358254  0.00000000
 -0.09358254  0.00000000    0.84613101  0.00000000   -0.09358254  0.00000000
  0.09358254  0.00000000   -0.09358254  0.00000000    0.84613101  0.00000000

     Dynamical  Matrix in cartesian axes

     q = (    0.333333333   0.333333333  -0.333333333 ) 

    1    1
  0.84613101  0.00000000    0.09358254  0.00000000   -0.09358254  0.00000000
  0.09358254  0.00000000    0.84613101  0.00000000   -0.09358254  0.00000000
 -0.09358254  0.00000000   -0.09358254  0.00000000    0.84613101  0.00000000
    1    2
 -0.55540116 -0.15498941    0.06457457 -0.03026528   -0.06457457  0.03026528
  0.06457457 -0.03026528   -0.55540116 -0.15498941   -0.06457457  0.03026528
 -0.06457457  0.03026528   -0.06457457  0.03026528   -0.55540116 -0.15498941
    2    1
 -0.55540116  0.15498941    0.06457457  0.03026528   -0.06457457 -0.03026528
  0.06457457  0.03026528   -0.55540116  0.15498941   -0.06457457 -0.03026528
 -0.06457457 -0.03026528   -0.06457457 -0.03026528   -0.55540116  0.15498941
    2    2
  0.84613101  0.00000000    0.09358254  0.00000000   -0.09358254  0.00000000
  0.09358254  0.00000000    0.84613101  0.00000000   -0.09358254  0.00000000
 -0.09358254  0.00000000   -0.09358254  0.00000000    0.84613101  0.00000000

     Dynamical  Matrix in cartesian axes

     q = (    0.333333333   0.333333333   0.333333333 ) 

    1    1
  0.84613101  0.00000000    0.09358254  0.00000000    0.09358254  0.00000000
  0.09358254  0.00000000    0.84613101  0.00000000    0.09358254  0.00000000
  0.09358254  0.00000000    0.09358254  0.00000000    0.84613101  0.00000000
    1    2
 -0.55540116  0.15498941    0.06457457  0.03026528    0.06457457  0.03026528
  0.06457457  0.03026528   -0.55540116  0.15498941    0.06457457  0.03026528
  0.06457457  0.03026528    0.06457457  0.03026528   -0.55540116  0.15498941
    2    1
 -0.55540116 -0.15498941    0.06457457 -0.03026528    0.06457457 -0.03026528
  0.06457457 -0.03026528   -0.55540116 -0.15498941    0.06457457 -0.03026528
  0.06457457 -0.03026528    0.06457457 -0.03026528   -0.55540116 -0.15498941
    2    2
  0.84613101  0.00000000    0.09358254  0.00000000    0.09358254  0.00000000
  0.09358254  0.00000000    0.84613101  0.00000000    0.09358254  0.00000000
  0.09358254  0.00000000    0.09358254  0.00000000    0.84613101  0.00000000

     Dynamical  Matrix in cartesian axes

     q = (   -0.333333333   0.333333333   0.333333333 ) 

    1    1
  0.84613101  0.00000000   -0.09358254  0.00000000   -0.09358254  0.00000000
 -0.09358254  0.00000000    0.84613101  0.00000000    0.09358254  0.00000000
 -0.09358254  0.00000000    0.09358254  0.00000000    0.84613101  0.00000000
    1    2
  0.14347581  0.55848622    0.05849779  0.04079058    0.05849779  0.04079058
  0.05849779  0.04079058    0.14347581  0.55848622   -0.05849779 -0.04079058
  0.05849779  0.04079058   -0.05849779 -0.04079058    0.14347581  0.55848622
    2    1
  0.14347581 -0.55848622    0.05849779 -0.04079058    0.05849779 -0.04079058
  0.05849779 -0.04079058    0.14347581 -0.55848622   -0.05849779  0.04079058
  0.05849779 -0.04079058   -0.05849779  0.04079058    0.14347581 -0.55848622
    2    2
  0.84613101  0.00000000   -0.09358254  0.00000000   -0.09358254  0.00000000
 -0.09358254  0.00000000    0.84613101  0.00000000    0.09358254  0.00000000
 -0.09358254  0.00000000    0.09358254  0.00000000    0.84613101  0.00000000

     Dynamical  Matrix in cartesian axes

     q = (    0.333333333  -0.333333333   0.333333333 ) 

    1    1
  0.84613101  0.00000000   -0.09358254  0.00000000    0.09358254  0.00000000
 -0.09358254  0.00000000    0.84613101  0.00000000   -0.09358254  0.00000000
  0.09358254  0.00000000   -0.09358254  0.00000000    0.84613101  0.00000000
    1    2
 -0.55540116 -0.15498941   -0.06457457  0.03026528    0.06457457 -0.03026528
 -0.06457457  0.03026528   -0.55540116 -0.15498941   -0.06457457  0.03026528
  0.06457457 -0.03026528   -0.06457457  0.03026528   -0.55540116 -0.15498941
    2    1
 -0.55540116  0.15498941   -0.06457457 -0.03026528    0.06457457  0.03026528
 -0.06457457 -0.03026528   -0.55540116  0.15498941   -0.06457457 -0.03026528
  0.06457457  0.03026528   -0.06457457 -0.03026528   -0.55540116  0.15498941
    2    2
  0.84613101  0.00000000   -0.09358254  0.00000000    0.09358254  0.00000000
 -0.09358254  0.00000000    0.84613101  0.00000000   -0.09358254  0.00000000
  0.09358254  0.00000000   -0.09358254  0.00000000    0.84613101  0.00000000

     Dynamical  Matrix in cartesian axes

     q = (   -0.333333333  -0.333333333  -0.333333333 ) 

    1    1
  0.84613101  0.00000000    0.09358254  0.00000000    0.09358254  0.00000000
  0.09358254  0.00000000    0.84613101  0.00000000    0.09358254  0.00000000
  0.09358254  0.00000000    0.09358254  0.00000000    0.84613101  0.00000000
    1    2
 -0.55540116 -0.15498941    0.06457457 -0.03026528    0.06457457 -0.03026528
  0.06457457 -0.03026528   -0.55540116 -0.15498941    0.06457457 -0.03026528
  0.06457457 -0.03026528    0.06457457 -0.03026528   -0.55540116 -0.15498941
    2    1
 -0.55540116  0.15498941    0.06457457  0.03026528    0.06457457  0.03026528
  0.06457457  0.03026528   -0.55540116  0.15498941    0.06457457  0.03026528
  0.06457457  0.03026528    0.06457457  0.03026528   -0.55540116  0.15498941
    2    2
  0.84613101  0.00000000    0.09358254  0.00000000    0.09358254  0.00000000
  0.09358254  0.00000000    0.84613101  0.00000000    0.09358254  0.00000000
  0.09358254  0.00000000    0.09358254  0.00000000    0.84613101  0.00000000

     Dynamical  Matrix in cartesian axes

     q = (    0.333333333  -0.333333333  -0.333333333 ) 

    1    1
  0.84613101  0.00000000   -0.09358254  0.00000000   -0.09358254  0.00000000
 -0.09358254  0.00000000    0.84613101  0.00000000    0.09358254  0.00000000
 -0.09358254  0.00000000    0.09358254  0.00000000    0.84613101  0.00000000
    1    2
  0.14347581 -0.55848622    0.05849779 -0.04079058    0.05849779 -0.04079058
  0.05849779 -0.04079058    0.14347581 -0.55848622   -0.05849779  0.04079058
  0.05849779 -0.04079058   -0.05849779  0.04079058    0.14347581 -0.55848622
    2    1
  0.14347581  0.55848622    0.05849779  0.04079058    0.05849779  0.04079058
  0.05849779  0.04079058    0.14347581  0.55848622   -0.05849779 -0.04079058
  0.05849779  0.04079058   -0.05849779 -0.04079058    0.14347581  0.55848622
    2    2
  0.84613101  0.00000000   -0.09358254  0.00000000   -0.09358254  0.00000000
 -0.09358254  0.00000000    0.84613101  0.00000000    0.09358254  0.00000000
 -0.09358254  0.00000000    0.09358254  0.00000000    0.84613101  0.00000000

     Dynamical  Matrix in cartesian axes

     q = (   -0.333333333  -0.333333333   0.333333333 ) 

    1    1
  0.84613101  0.00000000    0.09358254  0.00000000   -0.09358254  0.00000000
  0.09358254  0.00000000    0.84613101  0.00000000   -0.09358254  0.00000000
 -0.09358254  0.00000000   -0.09358254  0.00000000    0.84613101  0.00000000
    1    2
 -0.55540116  0.15498941    0.06457457  0.03026528   -0.06457457 -0.03026528
  0.06457457  0.03026528   -0.55540116  0.15498941   -0.06457457 -0.03026528
 -0.06457457 -0.03026528   -0.06457457 -0.03026528   -0.55540116  0.15498941
    2    1
 -0.55540116 -0.15498941    0.06457457 -0.03026528   -0.06457457  0.03026528
  0.06457457 -0.03026528   -0.55540116 -0.15498941   -0.06457457  0.03026528
 -0.06457457  0.03026528   -0.06457457  0.03026528   -0.55540116 -0.15498941
    2    2
  0.84613101  0.00000000    0.09358254  0.00000000   -0.09358254  0.00000000
  0.09358254  0.00000000    0.84613101  0.00000000   -0.09358254  0.00000000
 -0.09358254  0.00000000   -0.09358254  0.00000000    0.84613101  0.00000000

     Diagonalizing the dynamical matrix

     q = (   -0.333333333   0.333333333  -0.333333333 ) 

 **************************************************************************
     freq (    1) =      10.898955 [THz] =     363.550023 [cm-1]
 (  0.091422 -0.027835 -0.438598  0.078792 -0.530020  0.106627 ) 
 (  0.095116 -0.009258 -0.445523 -0.009258 -0.540639  0.000000 ) 
     freq (    2) =      10.898955 [THz] =     363.550023 [cm-1]
 (  0.562549 -0.087970  0.363939 -0.048014 -0.198611  0.039956 ) 
 (  0.568850  0.024707  0.366260  0.024707 -0.202590  0.000000 ) 
     freq (    3) =      23.438163 [THz] =     781.812968 [cm-1]
 ( -0.364326  0.184209  0.364326 -0.184209 -0.364326  0.184209 ) 
 ( -0.408248  0.000000  0.408248  0.000000 -0.408248  0.000000 ) 
     freq (    4) =      37.002983 [THz] =    1234.286671 [cm-1]
 (  0.335515  0.037547 -0.216507  0.148601 -0.552023  0.111054 ) 
 ( -0.321520 -0.102981  0.241563 -0.102981  0.563083  0.000000 ) 
     freq (    5) =      37.002983 [THz] =    1234.286671 [cm-1]
 ( -0.200141 -0.423434 -0.325195 -0.398277 -0.125054  0.025158 ) 
 (  0.112698  0.454590  0.240257  0.454590  0.127559  0.000000 ) 
     freq (    6) =      38.649457 [THz] =    1289.207117 [cm-1]
 ( -0.364326  0.184209  0.364326 -0.184209 -0.364326  0.184209 ) 
 (  0.408248 -0.000000 -0.408248  0.000000  0.408248  0.000000 ) 
 **************************************************************************
