Dynamical matrix file
                                                                           
  1    2  2  6.7034255  0.0000000  0.0000000  0.0000000  0.0000000  0.0000000
           1  'C   '    10947.3567922507     
    1    1      0.0000000000      0.0000000000      0.0000000000
    2    1     -0.2500000000      0.2500000000      0.2500000000

     Dynamical  Matrix in cartesian axes

     q = (    0.666666667   0.000000000   0.666666667 ) 

    1    1
  0.80801913  0.00000000   -0.00000000 -0.07466537    0.09123537  0.00000000
 -0.00000000  0.07466537    1.00094612  0.00000000   -0.00000000  0.07466537
  0.09123537  0.00000000   -0.00000000 -0.07466537    0.80801913  0.00000000
    1    2
 -0.21663756  0.00000000    0.00000000  0.04368172    0.11094085  0.00000000
  0.00000000  0.04368172   -0.22571601  0.00000000    0.00000000  0.04368172
  0.11094085  0.00000000    0.00000000  0.04368172   -0.21663756  0.00000000
    2    1
 -0.21663756  0.00000000    0.00000000 -0.04368172    0.11094085  0.00000000
  0.00000000 -0.04368172   -0.22571601  0.00000000    0.00000000 -0.04368172
  0.11094085  0.00000000    0.00000000 -0.04368172   -0.21663756  0.00000000
    2    2
  0.80801913  0.00000000    0.00000000  0.07466537    0.09123537  0.00000000
 -0.00000000 -0.07466537    1.00094612  0.00000000   -0.00000000 -0.07466537
  0.09123537  0.00000000    0.00000000  0.07466537    0.80801913  0.00000000

     Dynamical  Matrix in cartesian axes

     q = (    0.666666667   0.000000000  -0.666666667 ) 

    1    1
  0.80801913  0.00000000    0.00000000  0.07466537   -0.09123537  0.00000000
 -0.00000000 -0.07466537    1.00094612  0.00000000   -0.00000000  0.07466537
 -0.09123537  0.00000000   -0.00000000 -0.07466537    0.80801913  0.00000000
    1    2
  0.10831878 -0.18761363    0.03782948  0.02184086    0.05547042 -0.09607759
  0.03782948  0.02184086    0.11285800 -0.19547579   -0.03782948 -0.02184086
  0.05547042 -0.09607759   -0.03782948 -0.02184086    0.10831878 -0.18761363
    2    1
  0.10831878  0.18761363    0.03782948 -0.02184086    0.05547042  0.09607759
  0.03782948 -0.02184086    0.11285800  0.19547579   -0.03782948  0.02184086
  0.05547042  0.09607759   -0.03782948  0.02184086    0.10831878  0.18761363
    2    2
  0.80801913  0.00000000    0.00000000 -0.07466537   -0.09123537  0.00000000
  0.00000000  0.07466537    1.00094612  0.00000000    0.00000000 -0.07466537
 -0.09123537  0.00000000   -0.00000000  0.07466537    0.80801913  0.00000000

     Dynamical  Matrix in cartesian axes

     q = (   -0.666666667   0.000000000  -0.666666667 ) 

    1    1
  0.80801913  0.00000000   -0.00000000  0.07466537    0.09123537  0.00000000
 -0.00000000 -0.07466537    1.00094612  0.00000000   -0.00000000 -0.07466537
  0.09123537  0.00000000   -0.00000000  0.07466537    0.80801913  0.00000000
    1    2
 -0.21663756  0.00000000    0.00000000 -0.04368172    0.11094085  0.00000000
  0.00000000 -0.04368172   -0.22571601  0.00000000    0.00000000 -0.04368172
  0.11094085  0.00000000    0.00000000 -0.04368172   -0.21663756  0.00000000
    2    1
 -0.21663756  0.00000000    0.00000000  0.04368172    0.11094085  0.00000000
  0.00000000  0.04368172   -0.22571601  0.00000000    0.00000000  0.04368172
  0.11094085  0.00000000    0.00000000  0.04368172   -0.21663756  0.00000000
    2    2
  0.80801913  0.00000000   -0.00000000 -0.07466537    0.09123537  0.00000000
 -0.00000000  0.07466537    1.00094612  0.00000000   -0.00000000  0.07466537
  0.09123537  0.00000000   -0.00000000 -0.07466537    0.80801913  0.00000000

     Dynamical  Matrix in cartesian axes

     q = (   -0.666666667   0.000000000   0.666666667 ) 

    1    1
  0.80801913  0.00000000   -0.00000000 -0.07466537   -0.09123537  0.00000000
  0.00000000  0.07466537    1.00094612  0.00000000    0.00000000 -0.07466537
 -0.09123537  0.00000000    0.00000000  0.07466537    0.80801913  0.00000000
    1    2
  0.10831878  0.18761363    0.03782948 -0.02184086    0.05547042  0.09607759
  0.03782948 -0.02184086    0.11285800  0.19547579   -0.03782948  0.02184086
  0.05547042  0.09607759   -0.03782948  0.02184086    0.10831878  0.18761363
    2    1
  0.10831878 -0.18761363    0.03782948  0.02184086    0.05547042 -0.09607759
  0.03782948  0.02184086    0.11285800 -0.19547579   -0.03782948 -0.02184086
  0.05547042 -0.09607759   -0.03782948 -0.02184086    0.10831878 -0.18761363
    2    2
  0.80801913  0.00000000    0.00000000  0.07466537   -0.09123537  0.00000000
  0.00000000 -0.07466537    1.00094612  0.00000000   -0.00000000  0.07466537
 -0.09123537  0.00000000   -0.00000000 -0.07466537    0.80801913  0.00000000

     Dynamical  Matrix in cartesian axes

     q = (    0.000000000  -0.666666667   0.666666667 ) 

    1    1
  1.00094612  0.00000000   -0.00000000  0.07466537    0.00000000 -0.07466537
  0.00000000 -0.07466537    0.80801913  0.00000000   -0.09123537  0.00000000
  0.00000000  0.07466537   -0.09123537  0.00000000    0.80801913  0.00000000
    1    2
 -0.22571601  0.00000000    0.00000000  0.04368172    0.00000000 -0.04368172
  0.00000000  0.04368172   -0.21663756  0.00000000   -0.11094085  0.00000000
 -0.00000000 -0.04368172   -0.11094085  0.00000000   -0.21663756  0.00000000
    2    1
 -0.22571601  0.00000000    0.00000000 -0.04368172    0.00000000  0.04368172
  0.00000000 -0.04368172   -0.21663756  0.00000000   -0.11094085  0.00000000
 -0.00000000  0.04368172   -0.11094085  0.00000000   -0.21663756  0.00000000
    2    2
  1.00094612  0.00000000    0.00000000 -0.07466537    0.00000000  0.07466537
 -0.00000000  0.07466537    0.80801913  0.00000000   -0.09123537  0.00000000
  0.00000000 -0.07466537   -0.09123537  0.00000000    0.80801913  0.00000000

     Dynamical  Matrix in cartesian axes

     q = (   -0.666666667   0.666666667   0.000000000 ) 

    1    1
  0.80801913  0.00000000   -0.09123537  0.00000000    0.00000000 -0.07466537
 -0.09123537  0.00000000    0.80801913  0.00000000    0.00000000  0.07466537
 -0.00000000  0.07466537   -0.00000000 -0.07466537    1.00094612  0.00000000
    1    2
  0.10831878  0.18761363    0.05547042  0.09607759    0.03782948 -0.02184086
  0.05547042  0.09607759    0.10831878  0.18761363   -0.03782948  0.02184086
  0.03782948 -0.02184086   -0.03782948  0.02184086    0.11285800  0.19547579
    2    1
  0.10831878 -0.18761363    0.05547042 -0.09607759    0.03782948  0.02184086
  0.05547042 -0.09607759    0.10831878 -0.18761363   -0.03782948 -0.02184086
  0.03782948  0.02184086   -0.03782948 -0.02184086    0.11285800 -0.19547579
    2    2
  0.80801913  0.00000000   -0.09123537  0.00000000    0.00000000  0.07466537
 -0.09123537  0.00000000    0.80801913  0.00000000    0.00000000 -0.07466537
 -0.00000000 -0.07466537   -0.00000000  0.07466537    1.00094612  0.00000000

     Dynamical  Matrix in cartesian axes

     q = (   -0.666666667  -0.666666667   0.000000000 ) 

    1    1
  0.80801913  0.00000000    0.09123537  0.00000000   -0.00000000  0.07466537
  0.09123537  0.00000000    0.80801913  0.00000000    0.00000000  0.07466537
  0.00000000 -0.07466537    0.00000000 -0.07466537    1.00094612  0.00000000
    1    2
 -0.21663756  0.00000000    0.11094085  0.00000000    0.00000000 -0.04368172
  0.11094085  0.00000000   -0.21663756  0.00000000    0.00000000 -0.04368172
  0.00000000 -0.04368172    0.00000000 -0.04368172   -0.22571601  0.00000000
    2    1
 -0.21663756  0.00000000    0.11094085  0.00000000    0.00000000  0.04368172
  0.11094085  0.00000000   -0.21663756  0.00000000    0.00000000  0.04368172
  0.00000000  0.04368172    0.00000000  0.04368172   -0.22571601  0.00000000
    2    2
  0.80801913  0.00000000    0.09123537  0.00000000    0.00000000 -0.07466537
  0.09123537  0.00000000    0.80801913  0.00000000    0.00000000 -0.07466537
  0.00000000  0.07466537    0.00000000  0.07466537    1.00094612  0.00000000

     Dynamical  Matrix in cartesian axes

     q = (    0.666666667   0.666666667   0.000000000 ) 

    1    1
  0.80801913  0.00000000    0.09123537  0.00000000   -0.00000000 -0.07466537
  0.09123537  0.00000000    0.80801913  0.00000000    0.00000000 -0.07466537
  0.00000000  0.07466537    0.00000000  0.07466537    1.00094612  0.00000000
    1    2
 -0.21663756  0.00000000    0.11094085  0.00000000    0.00000000  0.04368172
  0.11094085  0.00000000   -0.21663756  0.00000000    0.00000000  0.04368172
  0.00000000  0.04368172    0.00000000  0.04368172   -0.22571601  0.00000000
    2    1
 -0.21663756  0.00000000    0.11094085  0.00000000    0.00000000 -0.04368172
  0.11094085  0.00000000   -0.21663756  0.00000000    0.00000000 -0.04368172
  0.00000000 -0.04368172    0.00000000 -0.04368172   -0.22571601  0.00000000
    2    2
  0.80801913  0.00000000    0.09123537  0.00000000    0.00000000  0.07466537
  0.09123537  0.00000000    0.80801913  0.00000000    0.00000000  0.07466537
  0.00000000 -0.07466537    0.00000000 -0.07466537    1.00094612  0.00000000

     Dynamical  Matrix in cartesian axes

     q = (    0.666666667  -0.666666667   0.000000000 ) 

    1    1
  0.80801913  0.00000000   -0.09123537  0.00000000   -0.00000000  0.07466537
 -0.09123537  0.00000000    0.80801913  0.00000000    0.00000000 -0.07466537
 -0.00000000 -0.07466537   -0.00000000  0.07466537    1.00094612  0.00000000
    1    2
  0.10831878 -0.18761363    0.05547042 -0.09607759    0.03782948  0.02184086
  0.05547042 -0.09607759    0.10831878 -0.18761363   -0.03782948 -0.02184086
  0.03782948  0.02184086   -0.03782948 -0.02184086    0.11285800 -0.19547579
    2    1
  0.10831878  0.18761363    0.05547042  0.09607759    0.03782948 -0.02184086
  0.05547042  0.09607759    0.10831878  0.18761363   -0.03782948  0.02184086
  0.03782948 -0.02184086   -0.03782948  0.02184086    0.11285800  0.19547579
    2    2
  0.80801913  0.00000000   -0.09123537  0.00000000   -0.00000000 -0.07466537
 -0.09123537  0.00000000    0.80801913  0.00000000    0.00000000  0.07466537
 -0.00000000  0.07466537    0.00000000 -0.07466537    1.00094612  0.00000000

     Dynamical  Matrix in cartesian axes

     q = (    0.000000000   0.666666667   0.666666667 ) 

    1    1
  1.00094612  0.00000000    0.00000000  0.07466537    0.00000000  0.07466537
  0.00000000 -0.07466537    0.80801913  0.00000000    0.09123537  0.00000000
  0.00000000 -0.07466537    0.09123537  0.00000000    0.80801913  0.00000000
    1    2
  0.11285800  0.19547579    0.03782948 -0.02184086    0.03782948 -0.02184086
  0.03782948 -0.02184086    0.10831878  0.18761363   -0.05547042 -0.09607759
  0.03782948 -0.02184086   -0.05547042 -0.09607759    0.10831878  0.18761363
    2    1
  0.11285800 -0.19547579    0.03782948  0.02184086    0.03782948  0.02184086
  0.03782948  0.02184086    0.10831878 -0.18761363   -0.05547042  0.09607759
  0.03782948  0.02184086   -0.05547042  0.09607759    0.10831878 -0.18761363
    2    2
  1.00094612  0.00000000    0.00000000 -0.07466537    0.00000000 -0.07466537
  0.00000000  0.07466537    0.80801913  0.00000000    0.09123537  0.00000000
  0.00000000  0.07466537    0.09123537  0.00000000    0.80801913  0.00000000

     Dynamical  Matrix in cartesian axes

     q = (    0.000000000   0.666666667  -0.666666667 ) 

    1    1
  1.00094612  0.00000000   -0.00000000 -0.07466537    0.00000000  0.07466537
  0.00000000  0.07466537    0.80801913  0.00000000   -0.09123537  0.00000000
  0.00000000 -0.07466537   -0.09123537  0.00000000    0.80801913  0.00000000
    1    2
 -0.22571601  0.00000000    0.00000000 -0.04368172    0.00000000  0.04368172
  0.00000000 -0.04368172   -0.21663756  0.00000000   -0.11094085  0.00000000
 -0.00000000  0.04368172   -0.11094085  0.00000000   -0.21663756  0.00000000
    2    1
 -0.22571601  0.00000000    0.00000000  0.04368172    0.00000000 -0.04368172
  0.00000000  0.04368172   -0.21663756  0.00000000   -0.11094085  0.00000000
 -0.00000000 -0.04368172   -0.11094085  0.00000000   -0.21663756  0.00000000
    2    2
  1.00094612  0.00000000    0.00000000  0.07466537    0.00000000 -0.07466537
 -0.00000000 -0.07466537    0.80801913  0.00000000   -0.09123537  0.00000000
  0.00000000  0.07466537   -0.09123537  0.00000000    0.80801913  0.00000000

     Dynamical  Matrix in cartesian axes

     q = (    0.000000000  -0.666666667  -0.666666667 ) 

    1    1
  1.00094612  0.00000000    0.00000000 -0.07466537    0.00000000 -0.07466537
  0.00000000  0.07466537    0.80801913  0.00000000    0.09123537  0.00000000
  0.00000000  0.07466537    0.09123537  0.00000000    0.80801913  0.00000000
    1    2
  0.11285800 -0.19547579    0.03782948  0.02184086    0.03782948  0.02184086
  0.03782948  0.02184086    0.10831878 -0.18761363   -0.05547042  0.09607759
  0.03782948  0.02184086   -0.05547042  0.09607759    0.10831878 -0.18761363
    2    1
  0.11285800  0.19547579    0.03782948 -0.02184086    0.03782948 -0.02184086
  0.03782948 -0.02184086    0.10831878  0.18761363   -0.05547042 -0.09607759
  0.03782948 -0.02184086   -0.05547042 -0.09607759    0.10831878  0.18761363
    2    2
  1.00094612  0.00000000    0.00000000  0.07466537   -0.00000000  0.07466537
  0.00000000 -0.07466537    0.80801913  0.00000000    0.09123537  0.00000000
  0.00000000 -0.07466537    0.09123537  0.00000000    0.80801913  0.00000000

     Diagonalizing the dynamical matrix

     q = (    0.666666667  -0.000000000   0.666666667 ) 

 **************************************************************************
     freq (    1) =      19.615970 [THz] =     654.318344 [cm-1]
 ( -0.500000 -0.000000  0.000000 -0.000000  0.500000  0.000000 ) 
 ( -0.500000 -0.000000  0.000000 -0.000000  0.500000  0.000000 ) 
     freq (    2) =      26.982538 [THz] =     900.040591 [cm-1]
 ( -0.473184 -0.000000 -0.000000  0.228458 -0.473184 -0.000000 ) 
 ( -0.473184  0.000000 -0.000000 -0.228458 -0.473184  0.000000 ) 
     freq (    3) =      27.539894 [THz] =     918.631967 [cm-1]
 (  0.090607  0.000000  0.000000 -0.695400  0.090607  0.000000 ) 
 ( -0.090607  0.000000  0.000000 -0.695400 -0.090607  0.000000 ) 
     freq (    4) =      31.646854 [THz] =    1055.625415 [cm-1]
 (  0.491722  0.000000 -0.000000  0.128138  0.491722 -0.000000 ) 
 ( -0.491722 -0.000000 -0.000000  0.128138 -0.491722  0.000000 ) 
     freq (    5) =      32.132607 [THz] =    1071.828404 [cm-1]
 (  0.500000  0.000000  0.000000 -0.000000 -0.500000 -0.000000 ) 
 ( -0.500000 -0.000000 -0.000000  0.000000  0.500000  0.000000 ) 
     freq (    6) =      35.626183 [THz] =    1188.361543 [cm-1]
 (  0.161544 -0.000000  0.000000  0.669184  0.161544  0.000000 ) 
 (  0.161544  0.000000  0.000000 -0.669184  0.161544  0.000000 ) 
 **************************************************************************
