Dynamical matrix file
                                                                           
  1    2  2  6.7034255  0.0000000  0.0000000  0.0000000  0.0000000  0.0000000
           1  'C   '    10947.3567922507     
    1    1      0.0000000000      0.0000000000      0.0000000000
    2    1     -0.2500000000      0.2500000000      0.2500000000

     Dynamical  Matrix in cartesian axes

     q = (    0.000000000   0.666666667   0.000000000 ) 

    1    1
  0.72472463  0.00000000   -0.00000000  0.00000000    0.00000000 -0.00000000
  0.00000000  0.00000000    1.11668439  0.00000000    0.00000000  0.00000000
  0.00000000 -0.00000000    0.00000000  0.00000000    0.72472463  0.00000000
    1    2
 -0.20047896  0.34723974    0.00000000  0.00000000    0.14847687  0.08572316
  0.00000000  0.00000000   -0.20461580  0.35440496    0.00000000  0.00000000
  0.14847687  0.08572316    0.00000000  0.00000000   -0.20047896  0.34723974
    2    1
 -0.20047896 -0.34723974    0.00000000  0.00000000    0.14847687 -0.08572316
  0.00000000  0.00000000   -0.20461580 -0.35440496    0.00000000  0.00000000
  0.14847687 -0.08572316    0.00000000  0.00000000   -0.20047896 -0.34723974
    2    2
  0.72472507  0.00000000    0.00000000  0.00000000    0.00000000 -0.00000000
  0.00000000  0.00000000    1.11668416  0.00000000    0.00000000  0.00000000
  0.00000000 -0.00000000    0.00000000  0.00000000    0.72472507  0.00000000

     Dynamical  Matrix in cartesian axes

     q = (   -0.666666667   0.000000000   0.000000000 ) 

    1    1
  1.11668439  0.00000000   -0.00000000  0.00000000    0.00000000  0.00000000
 -0.00000000  0.00000000    0.72472463  0.00000000   -0.00000000  0.00000000
  0.00000000  0.00000000   -0.00000000  0.00000000    0.72472463  0.00000000
    1    2
 -0.20461580  0.35440496    0.00000000  0.00000000    0.00000000  0.00000000
  0.00000000  0.00000000   -0.20047896  0.34723974   -0.14847687 -0.08572316
  0.00000000  0.00000000   -0.14847687 -0.08572316   -0.20047896  0.34723974
    2    1
 -0.20461580 -0.35440496    0.00000000  0.00000000   -0.00000000  0.00000000
  0.00000000  0.00000000   -0.20047896 -0.34723974   -0.14847687  0.08572316
  0.00000000  0.00000000   -0.14847687  0.08572316   -0.20047896 -0.34723974
    2    2
  1.11668416  0.00000000    0.00000000  0.00000000    0.00000000  0.00000000
  0.00000000  0.00000000    0.72472507  0.00000000    0.00000000  0.00000000
  0.00000000  0.00000000    0.00000000  0.00000000    0.72472507  0.00000000

     Dynamical  Matrix in cartesian axes

     q = (    0.000000000   0.000000000  -0.666666667 ) 

    1    1
  0.72472463  0.00000000   -0.00000000  0.00000000    0.00000000  0.00000000
 -0.00000000  0.00000000    0.72472463  0.00000000    0.00000000  0.00000000
  0.00000000  0.00000000   -0.00000000  0.00000000    1.11668439  0.00000000
    1    2
 -0.20047896 -0.34723974    0.14847687 -0.08572316    0.00000000 -0.00000000
  0.14847687 -0.08572316   -0.20047896 -0.34723974    0.00000000  0.00000000
  0.00000000  0.00000000   -0.00000000  0.00000000   -0.20461580 -0.35440496
    2    1
 -0.20047896  0.34723974    0.14847687  0.08572316    0.00000000  0.00000000
  0.14847687  0.08572316   -0.20047896  0.34723974   -0.00000000  0.00000000
 -0.00000000  0.00000000    0.00000000  0.00000000   -0.20461580  0.35440496
    2    2
  0.72472507  0.00000000    0.00000000  0.00000000    0.00000000  0.00000000
  0.00000000  0.00000000    0.72472507  0.00000000    0.00000000  0.00000000
  0.00000000  0.00000000    0.00000000  0.00000000    1.11668416  0.00000000

     Dynamical  Matrix in cartesian axes

     q = (    0.666666667   0.000000000   0.000000000 ) 

    1    1
  1.11668439  0.00000000    0.00000000  0.00000000   -0.00000000  0.00000000
 -0.00000000  0.00000000    0.72472463  0.00000000    0.00000000 -0.00000000
  0.00000000  0.00000000    0.00000000 -0.00000000    0.72472463  0.00000000
    1    2
 -0.20461580 -0.35440496    0.00000000  0.00000000    0.00000000  0.00000000
  0.00000000  0.00000000   -0.20047896 -0.34723974   -0.14847687  0.08572316
  0.00000000  0.00000000   -0.14847687  0.08572316   -0.20047896 -0.34723974
    2    1
 -0.20461580  0.35440496    0.00000000  0.00000000    0.00000000 -0.00000000
  0.00000000  0.00000000   -0.20047896  0.34723974   -0.14847687 -0.08572316
  0.00000000 -0.00000000   -0.14847687 -0.08572316   -0.20047896  0.34723974
    2    2
  1.11668416  0.00000000    0.00000000  0.00000000    0.00000000  0.00000000
  0.00000000  0.00000000    0.72472507  0.00000000    0.00000000 -0.00000000
  0.00000000  0.00000000    0.00000000 -0.00000000    0.72472507  0.00000000

     Dynamical  Matrix in cartesian axes

     q = (    0.000000000  -0.666666667   0.000000000 ) 

    1    1
  0.72472463  0.00000000    0.00000000  0.00000000    0.00000000  0.00000000
  0.00000000  0.00000000    1.11668439  0.00000000    0.00000000  0.00000000
  0.00000000  0.00000000    0.00000000  0.00000000    0.72472463  0.00000000
    1    2
 -0.20047896 -0.34723974    0.00000000 -0.00000000    0.14847687 -0.08572316
  0.00000000 -0.00000000   -0.20461580 -0.35440496    0.00000000 -0.00000000
  0.14847687 -0.08572316    0.00000000  0.00000000   -0.20047896 -0.34723974
    2    1
 -0.20047896  0.34723974    0.00000000 -0.00000000    0.14847687  0.08572316
  0.00000000 -0.00000000   -0.20461580  0.35440496    0.00000000 -0.00000000
  0.14847687  0.08572316    0.00000000 -0.00000000   -0.20047896  0.34723974
    2    2
  0.72472507  0.00000000    0.00000000  0.00000000    0.00000000  0.00000000
  0.00000000  0.00000000    1.11668416  0.00000000    0.00000000  0.00000000
  0.00000000  0.00000000    0.00000000  0.00000000    0.72472507  0.00000000

     Dynamical  Matrix in cartesian axes

     q = (    0.000000000   0.000000000   0.666666667 ) 

    1    1
  0.72472463  0.00000000   -0.00000000 -0.00000000    0.00000000  0.00000000
  0.00000000 -0.00000000    0.72472463  0.00000000   -0.00000000  0.00000000
 -0.00000000  0.00000000   -0.00000000  0.00000000    1.11668439  0.00000000
    1    2
 -0.20047896  0.34723974    0.14847687  0.08572316    0.00000000 -0.00000000
  0.14847687  0.08572316   -0.20047896  0.34723974    0.00000000  0.00000000
  0.00000000  0.00000000    0.00000000  0.00000000   -0.20461580  0.35440496
    2    1
 -0.20047896 -0.34723974    0.14847687 -0.08572316    0.00000000  0.00000000
  0.14847687 -0.08572316   -0.20047896 -0.34723974    0.00000000  0.00000000
  0.00000000  0.00000000    0.00000000  0.00000000   -0.20461580 -0.35440496
    2    2
  0.72472507  0.00000000    0.00000000 -0.00000000    0.00000000  0.00000000
  0.00000000 -0.00000000    0.72472507  0.00000000    0.00000000  0.00000000
  0.00000000  0.00000000    0.00000000  0.00000000    1.11668416  0.00000000

     Diagonalizing the dynamical matrix

     q = (    0.000000000   0.666666667   0.000000000 ) 

 **************************************************************************
     freq (    1) =      16.892983 [THz] =     563.489252 [cm-1]
 (  0.573713 -0.305886 -0.000000  0.000000 -0.130795 -0.245315 ) 
 (  0.600086  0.374027 -0.000000 -0.000000  0.000000  0.000000 ) 
     freq (    2) =      16.892983 [THz] =     563.489252 [cm-1]
 ( -0.240759 -0.139002  0.000000  0.000000  0.325082 -0.563059 ) 
 (  0.000000  0.000000  0.000000  0.000000  0.707107  0.000000 ) 
     freq (    3) =      26.446554 [THz] =     882.162095 [cm-1]
 ( -0.000000  0.000000 -0.652155  0.273301  0.000000  0.000000 ) 
 ( -0.000000 -0.000000 -0.562763 -0.428132  0.000000  0.000000 ) 
     freq (    4) =      33.876537 [THz] =    1129.999626 [cm-1]
 ( -0.355196  0.078930  0.000000  0.000000  0.389635 -0.464532 ) 
 (  0.267495  0.011790  0.000000  0.000000 -0.654452  0.000000 ) 
     freq (    5) =      33.876537 [THz] =    1129.999626 [cm-1]
 ( -0.232363  0.560012  0.000000  0.000000  0.093854  0.351547 ) 
 (  0.653818  0.028816  0.000000  0.000000  0.267754  0.000000 ) 
     freq (    6) =      38.840579 [THz] =    1295.582259 [cm-1]
 ( -0.000000  0.000000  0.652155 -0.273301  0.000000  0.000000 ) 
 ( -0.000000  0.000000 -0.562763 -0.428132  0.000000  0.000000 ) 
 **************************************************************************
