Dynamical matrix file
                                                                           
  1    2  2  6.7034255  0.0000000  0.0000000  0.0000000  0.0000000  0.0000000
           1  'C   '    10947.3567922507     
    1    1      0.0000000000      0.0000000000      0.0000000000
    2    1     -0.2500000000      0.2500000000      0.2500000000

     Dynamical  Matrix in cartesian axes

     q = (    0.000000000   0.666666667   0.000000000 ) 

    1    1
  0.72428840  0.00000000    0.00000000  0.00000000    0.00000000  0.00000000
  0.00000000  0.00000000    1.11885255  0.00000000    0.00000000  0.00000000
  0.00000000  0.00000000    0.00000000  0.00000000    0.72428840  0.00000000
    1    2
 -0.20038405  0.34707536   -0.00000000  0.00000000    0.14844706  0.08570595
  0.00000000  0.00000000   -0.20370227  0.35282268    0.00000000  0.00000000
  0.14844706  0.08570595   -0.00000000  0.00000000   -0.20038405  0.34707536
    2    1
 -0.20038405 -0.34707536    0.00000000  0.00000000    0.14844706 -0.08570595
  0.00000000  0.00000000   -0.20370227 -0.35282268    0.00000000  0.00000000
  0.14844706 -0.08570595   -0.00000000  0.00000000   -0.20038405 -0.34707536
    2    2
  0.72428840  0.00000000    0.00000000  0.00000000    0.00000000  0.00000000
  0.00000000  0.00000000    1.11885252  0.00000000    0.00000000  0.00000000
  0.00000000  0.00000000    0.00000000  0.00000000    0.72428840  0.00000000

     Dynamical  Matrix in cartesian axes

     q = (   -0.666666667   0.000000000   0.000000000 ) 

    1    1
  1.11885255  0.00000000    0.00000000  0.00000000    0.00000000  0.00000000
  0.00000000  0.00000000    0.72428840  0.00000000    0.00000000 -0.00000000
  0.00000000  0.00000000    0.00000000 -0.00000000    0.72428840  0.00000000
    1    2
 -0.20370227  0.35282268    0.00000000  0.00000000   -0.00000000  0.00000000
 -0.00000000  0.00000000   -0.20038405  0.34707536   -0.14844706 -0.08570595
  0.00000000  0.00000000   -0.14844706 -0.08570595   -0.20038405  0.34707536
    2    1
 -0.20370227 -0.35282268   -0.00000000  0.00000000   -0.00000000  0.00000000
  0.00000000  0.00000000   -0.20038405 -0.34707536   -0.14844706  0.08570595
 -0.00000000  0.00000000   -0.14844706  0.08570595   -0.20038405 -0.34707536
    2    2
  1.11885252  0.00000000    0.00000000  0.00000000    0.00000000  0.00000000
  0.00000000  0.00000000    0.72428840  0.00000000    0.00000000  0.00000000
  0.00000000  0.00000000    0.00000000  0.00000000    0.72428840  0.00000000

     Dynamical  Matrix in cartesian axes

     q = (    0.000000000   0.000000000  -0.666666667 ) 

    1    1
  0.72428840  0.00000000   -0.00000000 -0.00000000    0.00000000  0.00000000
 -0.00000000 -0.00000000    0.72428840  0.00000000   -0.00000000  0.00000000
  0.00000000  0.00000000    0.00000000  0.00000000    1.11885255  0.00000000
    1    2
 -0.20038405 -0.34707536    0.14844706 -0.08570595    0.00000000  0.00000000
  0.14844706 -0.08570595   -0.20038405 -0.34707536    0.00000000 -0.00000000
  0.00000000  0.00000000    0.00000000  0.00000000   -0.20370227 -0.35282268
    2    1
 -0.20038405  0.34707536    0.14844706  0.08570595    0.00000000  0.00000000
  0.14844706  0.08570595   -0.20038405  0.34707536    0.00000000  0.00000000
  0.00000000  0.00000000    0.00000000  0.00000000   -0.20370227  0.35282268
    2    2
  0.72428840  0.00000000    0.00000000  0.00000000    0.00000000  0.00000000
  0.00000000  0.00000000    0.72428840  0.00000000    0.00000000  0.00000000
  0.00000000  0.00000000    0.00000000  0.00000000    1.11885252  0.00000000

     Dynamical  Matrix in cartesian axes

     q = (    0.666666667   0.000000000   0.000000000 ) 

    1    1
  1.11885255  0.00000000    0.00000000  0.00000000    0.00000000  0.00000000
  0.00000000  0.00000000    0.72428840  0.00000000    0.00000000  0.00000000
  0.00000000  0.00000000    0.00000000  0.00000000    0.72428840  0.00000000
    1    2
 -0.20370227 -0.35282268   -0.00000000  0.00000000    0.00000000  0.00000000
  0.00000000  0.00000000   -0.20038405 -0.34707536   -0.14844706  0.08570595
 -0.00000000  0.00000000   -0.14844706  0.08570595   -0.20038405 -0.34707536
    2    1
 -0.20370227  0.35282268    0.00000000 -0.00000000    0.00000000  0.00000000
  0.00000000  0.00000000   -0.20038405  0.34707536   -0.14844706 -0.08570595
  0.00000000 -0.00000000   -0.14844706 -0.08570595   -0.20038405  0.34707536
    2    2
  1.11885252  0.00000000    0.00000000  0.00000000    0.00000000  0.00000000
  0.00000000  0.00000000    0.72428840  0.00000000    0.00000000  0.00000000
  0.00000000  0.00000000    0.00000000  0.00000000    0.72428840  0.00000000

     Dynamical  Matrix in cartesian axes

     q = (    0.000000000  -0.666666667   0.000000000 ) 

    1    1
  0.72428840  0.00000000    0.00000000  0.00000000    0.00000000 -0.00000000
  0.00000000  0.00000000    1.11885255  0.00000000    0.00000000  0.00000000
  0.00000000 -0.00000000    0.00000000  0.00000000    0.72428840  0.00000000
    1    2
 -0.20038405 -0.34707536    0.00000000  0.00000000    0.14844706 -0.08570595
  0.00000000  0.00000000   -0.20370227 -0.35282268    0.00000000  0.00000000
  0.14844706 -0.08570595    0.00000000  0.00000000   -0.20038405 -0.34707536
    2    1
 -0.20038405  0.34707536    0.00000000 -0.00000000    0.14844706  0.08570595
  0.00000000 -0.00000000   -0.20370227  0.35282268    0.00000000 -0.00000000
  0.14844706  0.08570595    0.00000000 -0.00000000   -0.20038405  0.34707536
    2    2
  0.72428840  0.00000000    0.00000000  0.00000000    0.00000000  0.00000000
  0.00000000  0.00000000    1.11885252  0.00000000    0.00000000  0.00000000
  0.00000000  0.00000000    0.00000000  0.00000000    0.72428840  0.00000000

     Dynamical  Matrix in cartesian axes

     q = (    0.000000000   0.000000000   0.666666667 ) 

    1    1
  0.72428840  0.00000000    0.00000000  0.00000000    0.00000000  0.00000000
  0.00000000  0.00000000    0.72428840  0.00000000   -0.00000000  0.00000000
  0.00000000  0.00000000    0.00000000  0.00000000    1.11885255  0.00000000
    1    2
 -0.20038405  0.34707536    0.14844706  0.08570595    0.00000000  0.00000000
  0.14844706  0.08570595   -0.20038405  0.34707536    0.00000000  0.00000000
  0.00000000  0.00000000    0.00000000  0.00000000   -0.20370227  0.35282268
    2    1
 -0.20038405 -0.34707536    0.14844706 -0.08570595    0.00000000 -0.00000000
  0.14844706 -0.08570595   -0.20038405 -0.34707536    0.00000000 -0.00000000
  0.00000000 -0.00000000    0.00000000 -0.00000000   -0.20370227 -0.35282268
    2    2
  0.72428840  0.00000000    0.00000000  0.00000000    0.00000000  0.00000000
  0.00000000  0.00000000    0.72428840  0.00000000    0.00000000  0.00000000
  0.00000000  0.00000000    0.00000000  0.00000000    1.11885252  0.00000000

     Diagonalizing the dynamical matrix

     q = (    0.000000000   0.666666667   0.000000000 ) 

 **************************************************************************
     freq (    1) =      16.885713 [THz] =     563.246745 [cm-1]
 (  0.524935 -0.396378 -0.000000  0.000000 -0.231539 -0.117124 ) 
 (  0.658820  0.230121 -0.000000  0.000000 -0.114018  0.000000 ) 
     freq (    2) =      16.885713 [THz] =     563.246745 [cm-1]
 ( -0.158242 -0.205640 -0.000000  0.000000  0.291549 -0.589636 ) 
 (  0.107641  0.037598 -0.000000 -0.000000  0.697854  0.000000 ) 
     freq (    3) =      26.521127 [THz] =     884.649579 [cm-1]
 (  0.000000  0.000000  0.490286 -0.509529  0.000000 -0.000000 ) 
 (  0.000000  0.000000  0.686408  0.169836  0.000000  0.000000 ) 
     freq (    4) =      33.867423 [THz] =    1129.695620 [cm-1]
 (  0.128630 -0.640986  0.000000  0.000000 -0.253946 -0.090019 ) 
 ( -0.673703  0.211525  0.000000 -0.000000 -0.037161  0.000000 ) 
     freq (    5) =      33.867423 [THz] =    1129.695620 [cm-1]
 (  0.247917  0.105494 -0.000000 -0.000000 -0.338883  0.559077 ) 
 ( -0.035455  0.011132 -0.000000  0.000000  0.706130  0.000000 ) 
     freq (    6) =      38.844921 [THz] =    1295.727100 [cm-1]
 (  0.000000 -0.000000 -0.341941 -0.618932 -0.000000 -0.000000 ) 
 ( -0.000000 -0.000000 -0.365040  0.605595 -0.000000  0.000000 ) 
 **************************************************************************
