Dynamical matrix file
                                                                           
  1    2  2  6.7034255  0.0000000  0.0000000  0.0000000  0.0000000  0.0000000
           1  'C   '    10947.3567922507     
    1    1      0.0000000000      0.0000000000      0.0000000000
    2    1     -0.2500000000      0.2500000000      0.2500000000

     Dynamical  Matrix in cartesian axes

     q = (   -0.250000000   0.250000000  -0.250000000 ) 

    1    1
  0.84329656  0.00000000   -0.06898202  0.00000000    0.06898202  0.00000000
 -0.06898202  0.00000000    0.84329656  0.00000000   -0.06898202  0.00000000
  0.06898202  0.00000000   -0.06898202  0.00000000    0.84329656  0.00000000
    1    2
 -0.59861164  0.17963605   -0.03292445 -0.03339575    0.03292445  0.03339575
 -0.03292445 -0.03339575   -0.59861164  0.17963605   -0.03292445 -0.03339575
  0.03292445  0.03339575   -0.03292445 -0.03339575   -0.59861164  0.17963605
    2    1
 -0.59861164 -0.17963605   -0.03292445  0.03339575    0.03292445 -0.03339575
 -0.03292445  0.03339575   -0.59861164 -0.17963605   -0.03292445  0.03339575
  0.03292445 -0.03339575   -0.03292445  0.03339575   -0.59861164 -0.17963605
    2    2
  0.84329818 -0.00000000   -0.06898203  0.00000000    0.06898203 -0.00000000
 -0.06898203  0.00000000    0.84329818 -0.00000000   -0.06898203  0.00000000
  0.06898203 -0.00000000   -0.06898203  0.00000000    0.84329818 -0.00000000

     Dynamical  Matrix in cartesian axes

     q = (    0.250000000  -0.250000000   0.250000000 ) 

    1    1
  0.84329656  0.00000000   -0.06898202  0.00000000    0.06898202  0.00000000
 -0.06898202  0.00000000    0.84329656  0.00000000   -0.06898202  0.00000000
  0.06898202  0.00000000   -0.06898202  0.00000000    0.84329656  0.00000000
    1    2
 -0.59861164 -0.17963605   -0.03292445  0.03339575    0.03292445 -0.03339575
 -0.03292445  0.03339575   -0.59861164 -0.17963605   -0.03292445  0.03339575
  0.03292445 -0.03339575   -0.03292445  0.03339575   -0.59861164 -0.17963605
    2    1
 -0.59861164  0.17963605   -0.03292445 -0.03339575    0.03292445  0.03339575
 -0.03292445 -0.03339575   -0.59861164  0.17963605   -0.03292445 -0.03339575
  0.03292445  0.03339575   -0.03292445 -0.03339575   -0.59861164  0.17963605
    2    2
  0.84329818  0.00000000   -0.06898203 -0.00000000    0.06898203  0.00000000
 -0.06898203 -0.00000000    0.84329818  0.00000000   -0.06898203 -0.00000000
  0.06898203  0.00000000   -0.06898203 -0.00000000    0.84329818  0.00000000

     Dynamical  Matrix in cartesian axes

     q = (    0.250000000   0.250000000   0.250000000 ) 

    1    1
  0.84329656  0.00000000    0.06898202  0.00000000    0.06898202  0.00000000
  0.06898202  0.00000000    0.84329656  0.00000000    0.06898202  0.00000000
  0.06898202  0.00000000    0.06898202  0.00000000    0.84329656  0.00000000
    1    2
 -0.59861164  0.17963605    0.03292445  0.03339575    0.03292445  0.03339575
  0.03292445  0.03339575   -0.59861164  0.17963605    0.03292445  0.03339575
  0.03292445  0.03339575    0.03292445  0.03339575   -0.59861164  0.17963605
    2    1
 -0.59861164 -0.17963605    0.03292445 -0.03339575    0.03292445 -0.03339575
  0.03292445 -0.03339575   -0.59861164 -0.17963605    0.03292445 -0.03339575
  0.03292445 -0.03339575    0.03292445 -0.03339575   -0.59861164 -0.17963605
    2    2
  0.84329818 -0.00000000    0.06898203 -0.00000000    0.06898203 -0.00000000
  0.06898203 -0.00000000    0.84329818 -0.00000000    0.06898203 -0.00000000
  0.06898203 -0.00000000    0.06898203 -0.00000000    0.84329818 -0.00000000

     Dynamical  Matrix in cartesian axes

     q = (   -0.250000000  -0.250000000  -0.250000000 ) 

    1    1
  0.84329656  0.00000000    0.06898202  0.00000000    0.06898202  0.00000000
  0.06898202  0.00000000    0.84329656  0.00000000    0.06898202  0.00000000
  0.06898202  0.00000000    0.06898202  0.00000000    0.84329656  0.00000000
    1    2
 -0.59861164 -0.17963605    0.03292445 -0.03339575    0.03292445 -0.03339575
  0.03292445 -0.03339575   -0.59861164 -0.17963605    0.03292445 -0.03339575
  0.03292445 -0.03339575    0.03292445 -0.03339575   -0.59861164 -0.17963605
    2    1
 -0.59861164  0.17963605    0.03292445  0.03339575    0.03292445  0.03339575
  0.03292445  0.03339575   -0.59861164  0.17963605    0.03292445  0.03339575
  0.03292445  0.03339575    0.03292445  0.03339575   -0.59861164  0.17963605
    2    2
  0.84329818  0.00000000    0.06898203  0.00000000    0.06898203  0.00000000
  0.06898203  0.00000000    0.84329818  0.00000000    0.06898203  0.00000000
  0.06898203  0.00000000    0.06898203  0.00000000    0.84329818  0.00000000

     Dynamical  Matrix in cartesian axes

     q = (    0.250000000  -0.250000000  -0.250000000 ) 

    1    1
  0.84329656  0.00000000   -0.06898202  0.00000000   -0.06898202  0.00000000
 -0.06898202  0.00000000    0.84329656  0.00000000    0.06898202  0.00000000
 -0.06898202  0.00000000    0.06898202  0.00000000    0.84329656  0.00000000
    1    2
 -0.17963605 -0.59861164    0.03339575 -0.03292445    0.03339575 -0.03292445
  0.03339575 -0.03292445   -0.17963605 -0.59861164   -0.03339575  0.03292445
  0.03339575 -0.03292445   -0.03339575  0.03292445   -0.17963605 -0.59861164
    2    1
 -0.17963605  0.59861164    0.03339575  0.03292445    0.03339575  0.03292445
  0.03339575  0.03292445   -0.17963605  0.59861164   -0.03339575 -0.03292445
  0.03339575  0.03292445   -0.03339575 -0.03292445   -0.17963605  0.59861164
    2    2
  0.84329818 -0.00000000   -0.06898203  0.00000000   -0.06898203  0.00000000
 -0.06898203  0.00000000    0.84329818 -0.00000000    0.06898203 -0.00000000
 -0.06898203  0.00000000    0.06898203 -0.00000000    0.84329818 -0.00000000

     Dynamical  Matrix in cartesian axes

     q = (   -0.250000000   0.250000000   0.250000000 ) 

    1    1
  0.84329656  0.00000000   -0.06898202  0.00000000   -0.06898202  0.00000000
 -0.06898202  0.00000000    0.84329656  0.00000000    0.06898202  0.00000000
 -0.06898202  0.00000000    0.06898202  0.00000000    0.84329656  0.00000000
    1    2
 -0.17963605  0.59861164    0.03339575  0.03292445    0.03339575  0.03292445
  0.03339575  0.03292445   -0.17963605  0.59861164   -0.03339575 -0.03292445
  0.03339575  0.03292445   -0.03339575 -0.03292445   -0.17963605  0.59861164
    2    1
 -0.17963605 -0.59861164    0.03339575 -0.03292445    0.03339575 -0.03292445
  0.03339575 -0.03292445   -0.17963605 -0.59861164   -0.03339575  0.03292445
  0.03339575 -0.03292445   -0.03339575  0.03292445   -0.17963605 -0.59861164
    2    2
  0.84329818  0.00000000   -0.06898203 -0.00000000   -0.06898203 -0.00000000
 -0.06898203 -0.00000000    0.84329818  0.00000000    0.06898203  0.00000000
 -0.06898203 -0.00000000    0.06898203  0.00000000    0.84329818  0.00000000

     Dynamical  Matrix in cartesian axes

     q = (   -0.250000000  -0.250000000   0.250000000 ) 

    1    1
  0.84329656  0.00000000    0.06898202  0.00000000   -0.06898202  0.00000000
  0.06898202  0.00000000    0.84329656  0.00000000   -0.06898202  0.00000000
 -0.06898202  0.00000000   -0.06898202  0.00000000    0.84329656  0.00000000
    1    2
 -0.59861164  0.17963605    0.03292445  0.03339575   -0.03292445 -0.03339575
  0.03292445  0.03339575   -0.59861164  0.17963605   -0.03292445 -0.03339575
 -0.03292445 -0.03339575   -0.03292445 -0.03339575   -0.59861164  0.17963605
    2    1
 -0.59861164 -0.17963605    0.03292445 -0.03339575   -0.03292445  0.03339575
  0.03292445 -0.03339575   -0.59861164 -0.17963605   -0.03292445  0.03339575
 -0.03292445  0.03339575   -0.03292445  0.03339575   -0.59861164 -0.17963605
    2    2
  0.84329818 -0.00000000    0.06898203 -0.00000000   -0.06898203  0.00000000
  0.06898203 -0.00000000    0.84329818 -0.00000000   -0.06898203  0.00000000
 -0.06898203  0.00000000   -0.06898203  0.00000000    0.84329818 -0.00000000

     Dynamical  Matrix in cartesian axes

     q = (    0.250000000   0.250000000  -0.250000000 ) 

    1    1
  0.84329656  0.00000000    0.06898202  0.00000000   -0.06898202  0.00000000
  0.06898202  0.00000000    0.84329656  0.00000000   -0.06898202  0.00000000
 -0.06898202  0.00000000   -0.06898202  0.00000000    0.84329656  0.00000000
    1    2
 -0.59861164 -0.17963605    0.03292445 -0.03339575   -0.03292445  0.03339575
  0.03292445 -0.03339575   -0.59861164 -0.17963605   -0.03292445  0.03339575
 -0.03292445  0.03339575   -0.03292445  0.03339575   -0.59861164 -0.17963605
    2    1
 -0.59861164  0.17963605    0.03292445  0.03339575   -0.03292445 -0.03339575
  0.03292445  0.03339575   -0.59861164  0.17963605   -0.03292445 -0.03339575
 -0.03292445 -0.03339575   -0.03292445 -0.03339575   -0.59861164  0.17963605
    2    2
  0.84329818  0.00000000    0.06898203  0.00000000   -0.06898203 -0.00000000
  0.06898203  0.00000000    0.84329818  0.00000000   -0.06898203 -0.00000000
 -0.06898203 -0.00000000   -0.06898203 -0.00000000    0.84329818  0.00000000

     Diagonalizing the dynamical matrix

     q = (   -0.250000000   0.250000000  -0.250000000 ) 

 **************************************************************************
     freq (    1) =      11.164097 [THz] =     372.394178 [cm-1]
 (  0.083913  0.053200 -0.428667  0.171894 -0.512580  0.118694 ) 
 (  0.069748  0.070759 -0.456394  0.070759 -0.526142  0.000000 ) 
     freq (    2) =      11.164097 [THz] =     372.394178 [cm-1]
 (  0.497324 -0.275919  0.265738 -0.222293 -0.231585  0.053627 ) 
 (  0.546748 -0.156613  0.309035 -0.156613 -0.237713  0.000000 ) 
     freq (    3) =      19.743108 [THz] =     658.559182 [cm-1]
 ( -0.370531  0.171388  0.370531 -0.171388 -0.370531  0.171388 ) 
 ( -0.408248  0.000000  0.408248  0.000000 -0.408248  0.000000 ) 
     freq (    4) =      37.502139 [THz] =    1250.936709 [cm-1]
 (  0.282478 -0.065352 -0.279987  0.064894 -0.562465  0.130246 ) 
 ( -0.289939 -0.000058  0.287410 -0.000058  0.577349  0.000000 ) 
     freq (    5) =      37.502139 [THz] =    1250.936709 [cm-1]
 (  0.491069 -0.090107  0.492494 -0.090437  0.001424 -0.000330 ) 
 ( -0.498739 -0.022998 -0.500201 -0.022998 -0.001462  0.000000 ) 
     freq (    6) =      39.375754 [THz] =    1313.433776 [cm-1]
 ( -0.370530  0.171388  0.370530 -0.171388 -0.370530  0.171388 ) 
 (  0.408249 -0.000000 -0.408249 -0.000000  0.408249  0.000000 ) 
 **************************************************************************
