Dynamical matrix file
                                                                           
  1    2  2  6.7034255  0.0000000  0.0000000  0.0000000  0.0000000  0.0000000
           1  'C   '    10947.3567922507     
    1    1      0.0000000000      0.0000000000      0.0000000000
    2    1     -0.2500000000      0.2500000000      0.2500000000

     Dynamical  Matrix in cartesian axes

     q = (    0.500000000   0.000000000   0.500000000 ) 

    1    1
  0.89386184  0.00000000    0.00000000 -0.05842826    0.12489027  0.00000000
  0.00000000  0.05842826    0.91607906  0.00000000    0.00000000  0.05842826
  0.12489027  0.00000000    0.00000000 -0.05842826    0.89386184  0.00000000
    1    2
 -0.38278569  0.00000000   -0.00000000  0.07616477    0.05655291  0.00000000
  0.00000000  0.07616473   -0.40102575  0.00000000    0.00000000  0.07616473
  0.05655291  0.00000000    0.00000000  0.07616477   -0.38278569  0.00000000
    2    1
 -0.38278569  0.00000000    0.00000000 -0.07616473    0.05655291  0.00000000
  0.00000000 -0.07616477   -0.40102575  0.00000000    0.00000000 -0.07616477
  0.05655291  0.00000000    0.00000000 -0.07616473   -0.38278569  0.00000000
    2    2
  0.89386214  0.00000000    0.00000000  0.05842809    0.12488997  0.00000000
  0.00000000 -0.05842809    0.91607978  0.00000000    0.00000000 -0.05842809
  0.12488997  0.00000000    0.00000000  0.05842809    0.89386214  0.00000000

     Dynamical  Matrix in cartesian axes

     q = (   -0.500000000   0.000000000  -0.500000000 ) 

    1    1
  0.89386184  0.00000000    0.00000000  0.05842826    0.12489027  0.00000000
  0.00000000 -0.05842826    0.91607906  0.00000000    0.00000000 -0.05842826
  0.12489027  0.00000000    0.00000000  0.05842826    0.89386184  0.00000000
    1    2
 -0.38278569  0.00000000   -0.00000000 -0.07616477    0.05655291  0.00000000
  0.00000000 -0.07616473   -0.40102575  0.00000000    0.00000000 -0.07616473
  0.05655291  0.00000000    0.00000000 -0.07616477   -0.38278569  0.00000000
    2    1
 -0.38278569  0.00000000    0.00000000  0.07616473    0.05655291  0.00000000
  0.00000000  0.07616477   -0.40102575  0.00000000    0.00000000  0.07616477
  0.05655291  0.00000000    0.00000000  0.07616473   -0.38278569  0.00000000
    2    2
  0.89386214  0.00000000    0.00000000 -0.05842809    0.12488997  0.00000000
  0.00000000  0.05842809    0.91607978  0.00000000    0.00000000  0.05842809
  0.12488997  0.00000000    0.00000000 -0.05842809    0.89386214  0.00000000

     Dynamical  Matrix in cartesian axes

     q = (    0.000000000  -0.500000000   0.500000000 ) 

    1    1
  0.91607906  0.00000000    0.00000000  0.05842826    0.00000000 -0.05842826
  0.00000000 -0.05842826    0.89386184  0.00000000   -0.12489027  0.00000000
  0.00000000  0.05842826   -0.12489027  0.00000000    0.89386184  0.00000000
    1    2
 -0.40102575  0.00000000    0.00000000  0.07616473   -0.00000000 -0.07616473
 -0.00000000  0.07616477   -0.38278569  0.00000000   -0.05655291  0.00000000
  0.00000000 -0.07616477   -0.05655291  0.00000000   -0.38278569  0.00000000
    2    1
 -0.40102575  0.00000000    0.00000000 -0.07616477    0.00000000  0.07616477
  0.00000000 -0.07616473   -0.38278569  0.00000000   -0.05655291  0.00000000
  0.00000000  0.07616473   -0.05655291  0.00000000   -0.38278569  0.00000000
    2    2
  0.91607978  0.00000000   -0.00000000 -0.05842809   -0.00000000  0.05842809
 -0.00000000  0.05842809    0.89386214  0.00000000   -0.12488997  0.00000000
  0.00000000 -0.05842809   -0.12488997  0.00000000    0.89386214  0.00000000

     Dynamical  Matrix in cartesian axes

     q = (    0.500000000  -0.500000000   0.000000000 ) 

    1    1
  0.89386184  0.00000000   -0.12489027  0.00000000    0.00000000  0.05842826
 -0.12489027  0.00000000    0.89386184  0.00000000    0.00000000 -0.05842826
  0.00000000 -0.05842826    0.00000000  0.05842826    0.91607906  0.00000000
    1    2
 -0.00000000 -0.38278569   -0.00000000 -0.05655291    0.07616477  0.00000000
 -0.00000000 -0.05655291   -0.00000000 -0.38278569   -0.07616477  0.00000000
  0.07616473  0.00000000   -0.07616473  0.00000000   -0.00000000 -0.40102575
    2    1
 -0.00000000  0.38278569   -0.00000000  0.05655291    0.07616473  0.00000000
 -0.00000000  0.05655291   -0.00000000  0.38278569   -0.07616473 -0.00000000
  0.07616477  0.00000000   -0.07616477  0.00000000   -0.00000000  0.40102575
    2    2
  0.89386214  0.00000000   -0.12488997  0.00000000    0.00000000 -0.05842809
 -0.12488997  0.00000000    0.89386214  0.00000000    0.00000000  0.05842809
  0.00000000  0.05842809    0.00000000 -0.05842809    0.91607978  0.00000000

     Dynamical  Matrix in cartesian axes

     q = (    0.000000000  -0.500000000  -0.500000000 ) 

    1    1
  0.91607906  0.00000000    0.00000000 -0.05842826    0.00000000 -0.05842826
  0.00000000  0.05842826    0.89386184  0.00000000    0.12489027  0.00000000
  0.00000000  0.05842826    0.12489027  0.00000000    0.89386184  0.00000000
    1    2
 -0.00000000 -0.40102575    0.07616473 -0.00000000    0.07616473 -0.00000000
  0.07616477 -0.00000000   -0.00000000 -0.38278569    0.00000000  0.05655291
  0.07616477  0.00000000    0.00000000  0.05655291   -0.00000000 -0.38278569
    2    1
 -0.00000000  0.40102575    0.07616477  0.00000000    0.07616477  0.00000000
  0.07616473  0.00000000   -0.00000000  0.38278569    0.00000000 -0.05655291
  0.07616473  0.00000000    0.00000000 -0.05655291   -0.00000000  0.38278569
    2    2
  0.91607978  0.00000000    0.00000000  0.05842809   -0.00000000  0.05842809
  0.00000000 -0.05842809    0.89386214  0.00000000    0.12488997  0.00000000
 -0.00000000 -0.05842809    0.12488997  0.00000000    0.89386214  0.00000000

     Dynamical  Matrix in cartesian axes

     q = (   -0.500000000   0.000000000   0.500000000 ) 

    1    1
  0.89386184  0.00000000    0.00000000 -0.05842826   -0.12489027  0.00000000
  0.00000000  0.05842826    0.91607906  0.00000000    0.00000000 -0.05842826
 -0.12489027  0.00000000    0.00000000  0.05842826    0.89386184  0.00000000
    1    2
 -0.00000000  0.38278569    0.07616477  0.00000000   -0.00000000  0.05655291
  0.07616473  0.00000000   -0.00000000  0.40102575   -0.07616473 -0.00000000
 -0.00000000  0.05655291   -0.07616477 -0.00000000   -0.00000000  0.38278569
    2    1
 -0.00000000 -0.38278569    0.07616473 -0.00000000   -0.00000000 -0.05655291
  0.07616477 -0.00000000   -0.00000000 -0.40102575   -0.07616477  0.00000000
 -0.00000000 -0.05655291   -0.07616473  0.00000000   -0.00000000 -0.38278569
    2    2
  0.89386214  0.00000000    0.00000000  0.05842809   -0.12488997  0.00000000
  0.00000000 -0.05842809    0.91607978  0.00000000    0.00000000  0.05842809
 -0.12488997  0.00000000    0.00000000 -0.05842809    0.89386214  0.00000000

     Dynamical  Matrix in cartesian axes

     q = (    0.500000000   0.500000000   0.000000000 ) 

    1    1
  0.89386184  0.00000000    0.12489027  0.00000000   -0.00000000 -0.05842826
  0.12489027  0.00000000    0.89386184  0.00000000    0.00000000 -0.05842826
  0.00000000  0.05842826    0.00000000  0.05842826    0.91607906  0.00000000
    1    2
 -0.38278569  0.00000000    0.05655291  0.00000000    0.00000000  0.07616477
  0.05655291  0.00000000   -0.38278569  0.00000000   -0.00000000  0.07616477
 -0.00000000  0.07616473   -0.00000000  0.07616473   -0.40102575  0.00000000
    2    1
 -0.38278569  0.00000000    0.05655291  0.00000000    0.00000000 -0.07616473
  0.05655291  0.00000000   -0.38278569  0.00000000    0.00000000 -0.07616473
  0.00000000 -0.07616477    0.00000000 -0.07616477   -0.40102575  0.00000000
    2    2
  0.89386214  0.00000000    0.12488997  0.00000000    0.00000000  0.05842809
  0.12488997  0.00000000    0.89386214  0.00000000    0.00000000  0.05842809
 -0.00000000 -0.05842809   -0.00000000 -0.05842809    0.91607978  0.00000000

     Dynamical  Matrix in cartesian axes

     q = (   -0.500000000  -0.500000000   0.000000000 ) 

    1    1
  0.89386184  0.00000000    0.12489027  0.00000000   -0.00000000  0.05842826
  0.12489027  0.00000000    0.89386184  0.00000000    0.00000000  0.05842826
  0.00000000 -0.05842826    0.00000000 -0.05842826    0.91607906  0.00000000
    1    2
 -0.38278569  0.00000000    0.05655291  0.00000000    0.00000000 -0.07616477
  0.05655291  0.00000000   -0.38278569  0.00000000   -0.00000000 -0.07616477
 -0.00000000 -0.07616473   -0.00000000 -0.07616473   -0.40102575  0.00000000
    2    1
 -0.38278569  0.00000000    0.05655291  0.00000000    0.00000000  0.07616473
  0.05655291  0.00000000   -0.38278569  0.00000000    0.00000000  0.07616473
  0.00000000  0.07616477    0.00000000  0.07616477   -0.40102575  0.00000000
    2    2
  0.89386214  0.00000000    0.12488997  0.00000000    0.00000000 -0.05842809
  0.12488997  0.00000000    0.89386214  0.00000000    0.00000000 -0.05842809
 -0.00000000  0.05842809   -0.00000000  0.05842809    0.91607978  0.00000000

     Dynamical  Matrix in cartesian axes

     q = (   -0.500000000   0.500000000   0.000000000 ) 

    1    1
  0.89386184  0.00000000   -0.12489027  0.00000000    0.00000000 -0.05842826
 -0.12489027  0.00000000    0.89386184  0.00000000    0.00000000  0.05842826
  0.00000000  0.05842826    0.00000000 -0.05842826    0.91607906  0.00000000
    1    2
 -0.00000000  0.38278569   -0.00000000  0.05655291    0.07616477  0.00000000
 -0.00000000  0.05655291   -0.00000000  0.38278569   -0.07616477  0.00000000
  0.07616473  0.00000000   -0.07616473 -0.00000000   -0.00000000  0.40102575
    2    1
 -0.00000000 -0.38278569   -0.00000000 -0.05655291    0.07616473 -0.00000000
 -0.00000000 -0.05655291   -0.00000000 -0.38278569   -0.07616473  0.00000000
  0.07616477 -0.00000000   -0.07616477  0.00000000   -0.00000000 -0.40102575
    2    2
  0.89386214  0.00000000   -0.12488997  0.00000000    0.00000000  0.05842809
 -0.12488997  0.00000000    0.89386214  0.00000000    0.00000000 -0.05842809
  0.00000000 -0.05842809    0.00000000  0.05842809    0.91607978  0.00000000

     Dynamical  Matrix in cartesian axes

     q = (    0.500000000   0.000000000  -0.500000000 ) 

    1    1
  0.89386184  0.00000000    0.00000000  0.05842826   -0.12489027  0.00000000
  0.00000000 -0.05842826    0.91607906  0.00000000    0.00000000  0.05842826
 -0.12489027  0.00000000    0.00000000 -0.05842826    0.89386184  0.00000000
    1    2
 -0.00000000 -0.38278569    0.07616477 -0.00000000   -0.00000000 -0.05655291
  0.07616473 -0.00000000   -0.00000000 -0.40102575   -0.07616473  0.00000000
 -0.00000000 -0.05655291   -0.07616477  0.00000000   -0.00000000 -0.38278569
    2    1
 -0.00000000  0.38278569    0.07616473  0.00000000   -0.00000000  0.05655291
  0.07616477  0.00000000   -0.00000000  0.40102575   -0.07616477 -0.00000000
 -0.00000000  0.05655291   -0.07616473 -0.00000000   -0.00000000  0.38278569
    2    2
  0.89386214  0.00000000    0.00000000 -0.05842809   -0.12488997  0.00000000
  0.00000000  0.05842809    0.91607978  0.00000000    0.00000000 -0.05842809
 -0.12488997  0.00000000    0.00000000  0.05842809    0.89386214  0.00000000

     Dynamical  Matrix in cartesian axes

     q = (    0.000000000   0.500000000   0.500000000 ) 

    1    1
  0.91607906  0.00000000    0.00000000  0.05842826    0.00000000  0.05842826
  0.00000000 -0.05842826    0.89386184  0.00000000    0.12489027  0.00000000
  0.00000000 -0.05842826    0.12489027  0.00000000    0.89386184  0.00000000
    1    2
 -0.00000000  0.40102575    0.07616473  0.00000000    0.07616473  0.00000000
  0.07616477  0.00000000   -0.00000000  0.38278569    0.00000000 -0.05655291
  0.07616477  0.00000000    0.00000000 -0.05655291   -0.00000000  0.38278569
    2    1
 -0.00000000 -0.40102575    0.07616477 -0.00000000    0.07616477 -0.00000000
  0.07616473 -0.00000000   -0.00000000 -0.38278569    0.00000000  0.05655291
  0.07616473 -0.00000000    0.00000000  0.05655291   -0.00000000 -0.38278569
    2    2
  0.91607978  0.00000000    0.00000000 -0.05842809   -0.00000000 -0.05842809
  0.00000000  0.05842809    0.89386214  0.00000000    0.12488997  0.00000000
 -0.00000000  0.05842809    0.12488997  0.00000000    0.89386214  0.00000000

     Dynamical  Matrix in cartesian axes

     q = (    0.000000000   0.500000000  -0.500000000 ) 

    1    1
  0.91607906  0.00000000    0.00000000 -0.05842826    0.00000000  0.05842826
  0.00000000  0.05842826    0.89386184  0.00000000   -0.12489027  0.00000000
  0.00000000 -0.05842826   -0.12489027  0.00000000    0.89386184  0.00000000
    1    2
 -0.40102575  0.00000000    0.00000000 -0.07616473   -0.00000000  0.07616473
 -0.00000000 -0.07616477   -0.38278569  0.00000000   -0.05655291  0.00000000
  0.00000000  0.07616477   -0.05655291  0.00000000   -0.38278569  0.00000000
    2    1
 -0.40102575  0.00000000    0.00000000  0.07616477    0.00000000 -0.07616477
  0.00000000  0.07616473   -0.38278569  0.00000000   -0.05655291  0.00000000
  0.00000000 -0.07616473   -0.05655291  0.00000000   -0.38278569  0.00000000
    2    2
  0.91607978  0.00000000   -0.00000000  0.05842809   -0.00000000 -0.05842809
 -0.00000000 -0.05842809    0.89386214  0.00000000   -0.12488997  0.00000000
  0.00000000  0.05842809   -0.12488997  0.00000000    0.89386214  0.00000000

     Diagonalizing the dynamical matrix

     q = (    0.500000000   0.000000000   0.500000000 ) 

 **************************************************************************
     freq (    1) =      18.052440 [THz] =     602.164594 [cm-1]
 ( -0.500000 -0.000000 -0.000000  0.000000  0.500000 -0.000000 ) 
 ( -0.500000 -0.000000 -0.000000 -0.000000  0.500000  0.000000 ) 
     freq (    2) =      22.548990 [THz] =     752.153329 [cm-1]
 (  0.015090 -0.000000  0.000000  0.706785  0.015090 -0.000000 ) 
 ( -0.015092 -0.000000  0.000000  0.706784 -0.015092  0.000000 ) 
     freq (    3) =      25.136179 [THz] =     838.452688 [cm-1]
 (  0.481390 -0.000000  0.000000 -0.191119  0.481390 -0.000000 ) 
 (  0.481390  0.000000  0.000000  0.191121  0.481390  0.000000 ) 
     freq (    4) =      34.562860 [THz] =    1152.892904 [cm-1]
 (  0.500000  0.000000 -0.000000  0.000000 -0.500000  0.000000 ) 
 ( -0.500000 -0.000000 -0.000000 -0.000000  0.500000  0.000000 ) 
     freq (    5) =      36.475508 [THz] =    1216.691989 [cm-1]
 ( -0.499771 -0.000000  0.000000  0.021346 -0.499771 -0.000000 ) 
 (  0.499773  0.000000 -0.000000  0.021338  0.499773  0.000000 ) 
     freq (    6) =      36.810048 [THz] =    1227.851040 [cm-1]
 (  0.135145  0.000000 -0.000000  0.680788  0.135145  0.000000 ) 
 (  0.135139 -0.000000  0.000000 -0.680789  0.135139  0.000000 ) 
 **************************************************************************
