Dynamical matrix file
                                                                           
  1    2  2  6.7034255  0.0000000  0.0000000  0.0000000  0.0000000  0.0000000
           1  'C   '    10947.3567922507     
    1    1      0.0000000000      0.0000000000      0.0000000000
    2    1     -0.2500000000      0.2500000000      0.2500000000

     Dynamical  Matrix in cartesian axes

     q = (    0.000000000   0.666666667   0.000000000 ) 

    1    1
  0.72542778  0.00000000    0.00000000  0.00000000    0.00000000  0.00000000
  0.00000000  0.00000000    1.11964562  0.00000000    0.00000000  0.00000000
  0.00000000  0.00000000    0.00000000  0.00000000    0.72542778  0.00000000
    1    2
 -0.20071143  0.34764240    0.00000000  0.00000000    0.14910198  0.08608407
 -0.00000000  0.00000000   -0.20421025  0.35370254   -0.00000000  0.00000000
  0.14910198  0.08608407    0.00000000  0.00000000   -0.20071143  0.34764240
    2    1
 -0.20071143 -0.34764240    0.00000000 -0.00000000    0.14910198 -0.08608407
  0.00000000 -0.00000000   -0.20421025 -0.35370254    0.00000000 -0.00000000
  0.14910198 -0.08608407   -0.00000000 -0.00000000   -0.20071143 -0.34764240
    2    2
  0.72546383  0.00000000    0.00000000  0.00000000    0.00000000  0.00000000
  0.00000000  0.00000000    1.11968148  0.00000000    0.00000000  0.00000000
  0.00000000  0.00000000    0.00000000  0.00000000    0.72546383  0.00000000

     Dynamical  Matrix in cartesian axes

     q = (   -0.666666667   0.000000000   0.000000000 ) 

    1    1
  1.11964562  0.00000000    0.00000000  0.00000000    0.00000000  0.00000000
  0.00000000  0.00000000    0.72542778  0.00000000    0.00000000 -0.00000000
  0.00000000  0.00000000    0.00000000 -0.00000000    0.72542778  0.00000000
    1    2
 -0.20421025  0.35370254    0.00000000  0.00000000    0.00000000  0.00000000
  0.00000000  0.00000000   -0.20071143  0.34764240   -0.14910198 -0.08608407
 -0.00000000  0.00000000   -0.14910198 -0.08608407   -0.20071143  0.34764240
    2    1
 -0.20421025 -0.35370254    0.00000000  0.00000000   -0.00000000  0.00000000
 -0.00000000  0.00000000   -0.20071143 -0.34764240   -0.14910198  0.08608407
  0.00000000  0.00000000   -0.14910198  0.08608407   -0.20071143 -0.34764240
    2    2
  1.11968148  0.00000000    0.00000000  0.00000000    0.00000000  0.00000000
  0.00000000  0.00000000    0.72546383  0.00000000    0.00000000  0.00000000
  0.00000000  0.00000000    0.00000000  0.00000000    0.72546383  0.00000000

     Dynamical  Matrix in cartesian axes

     q = (    0.000000000   0.000000000  -0.666666667 ) 

    1    1
  0.72542778  0.00000000    0.00000000 -0.00000000    0.00000000  0.00000000
  0.00000000 -0.00000000    0.72542778  0.00000000    0.00000000  0.00000000
  0.00000000  0.00000000    0.00000000  0.00000000    1.11964562  0.00000000
    1    2
 -0.20071143 -0.34764240    0.14910198 -0.08608407    0.00000000 -0.00000000
  0.14910198 -0.08608407   -0.20071143 -0.34764240    0.00000000 -0.00000000
  0.00000000 -0.00000000   -0.00000000 -0.00000000   -0.20421025 -0.35370254
    2    1
 -0.20071143  0.34764240    0.14910198  0.08608407    0.00000000  0.00000000
  0.14910198  0.08608407   -0.20071143  0.34764240   -0.00000000  0.00000000
  0.00000000  0.00000000    0.00000000  0.00000000   -0.20421025  0.35370254
    2    2
  0.72546383  0.00000000    0.00000000  0.00000000   -0.00000000  0.00000000
  0.00000000  0.00000000    0.72546383  0.00000000    0.00000000  0.00000000
 -0.00000000  0.00000000   -0.00000000  0.00000000    1.11968148  0.00000000

     Dynamical  Matrix in cartesian axes

     q = (    0.666666667   0.000000000   0.000000000 ) 

    1    1
  1.11964562  0.00000000    0.00000000  0.00000000    0.00000000  0.00000000
  0.00000000  0.00000000    0.72542778  0.00000000    0.00000000  0.00000000
  0.00000000  0.00000000    0.00000000  0.00000000    0.72542778  0.00000000
    1    2
 -0.20421025 -0.35370254    0.00000000  0.00000000    0.00000000 -0.00000000
  0.00000000  0.00000000   -0.20071143 -0.34764240   -0.14910198  0.08608407
 -0.00000000 -0.00000000   -0.14910198  0.08608407   -0.20071143 -0.34764240
    2    1
 -0.20421025  0.35370254    0.00000000 -0.00000000    0.00000000  0.00000000
  0.00000000 -0.00000000   -0.20071143  0.34764240   -0.14910198 -0.08608407
  0.00000000  0.00000000   -0.14910198 -0.08608407   -0.20071143  0.34764240
    2    2
  1.11968148  0.00000000    0.00000000  0.00000000    0.00000000  0.00000000
  0.00000000  0.00000000    0.72546383  0.00000000    0.00000000  0.00000000
 -0.00000000  0.00000000   -0.00000000  0.00000000    0.72546383  0.00000000

     Dynamical  Matrix in cartesian axes

     q = (    0.000000000  -0.666666667   0.000000000 ) 

    1    1
  0.72542778  0.00000000    0.00000000  0.00000000    0.00000000 -0.00000000
  0.00000000  0.00000000    1.11964562  0.00000000    0.00000000  0.00000000
  0.00000000 -0.00000000    0.00000000  0.00000000    0.72542778  0.00000000
    1    2
 -0.20071143 -0.34764240    0.00000000  0.00000000    0.14910198 -0.08608407
  0.00000000 -0.00000000   -0.20421025 -0.35370254    0.00000000 -0.00000000
  0.14910198 -0.08608407    0.00000000 -0.00000000   -0.20071143 -0.34764240
    2    1
 -0.20071143  0.34764240    0.00000000  0.00000000    0.14910198  0.08608407
 -0.00000000  0.00000000   -0.20421025  0.35370254   -0.00000000  0.00000000
  0.14910198  0.08608407   -0.00000000  0.00000000   -0.20071143  0.34764240
    2    2
  0.72546383  0.00000000   -0.00000000  0.00000000    0.00000000  0.00000000
  0.00000000  0.00000000    1.11968148  0.00000000    0.00000000  0.00000000
 -0.00000000  0.00000000   -0.00000000  0.00000000    0.72546383  0.00000000

     Dynamical  Matrix in cartesian axes

     q = (    0.000000000   0.000000000   0.666666667 ) 

    1    1
  0.72542778  0.00000000    0.00000000  0.00000000    0.00000000  0.00000000
  0.00000000  0.00000000    0.72542778  0.00000000    0.00000000  0.00000000
  0.00000000  0.00000000    0.00000000  0.00000000    1.11964562  0.00000000
    1    2
 -0.20071143  0.34764240    0.14910198  0.08608407    0.00000000 -0.00000000
  0.14910198  0.08608407   -0.20071143  0.34764240    0.00000000 -0.00000000
  0.00000000 -0.00000000    0.00000000 -0.00000000   -0.20421025  0.35370254
    2    1
 -0.20071143 -0.34764240    0.14910198 -0.08608407   -0.00000000  0.00000000
  0.14910198 -0.08608407   -0.20071143 -0.34764240    0.00000000  0.00000000
  0.00000000  0.00000000    0.00000000  0.00000000   -0.20421025 -0.35370254
    2    2
  0.72546383  0.00000000   -0.00000000  0.00000000    0.00000000  0.00000000
 -0.00000000  0.00000000    0.72546383  0.00000000    0.00000000  0.00000000
  0.00000000  0.00000000    0.00000000  0.00000000    1.11968148  0.00000000

     Diagonalizing the dynamical matrix

     q = (    0.000000000   0.666666667   0.000000000 ) 

 **************************************************************************
     freq (    1) =      16.893258 [THz] =     563.498427 [cm-1]
 ( -0.264261 -0.158148 -0.000000  0.000000  0.316471 -0.552288 ) 
 (  0.005256 -0.032097 -0.000000 -0.000000  0.706344  0.000000 ) 
     freq (    2) =      16.893258 [THz] =     563.498427 [cm-1]
 (  0.491267  0.404763  0.000000  0.000000  0.191296 -0.241351 ) 
 ( -0.114139  0.697061 -0.000000  0.000000  0.032524  0.000000 ) 
     freq (    3) =      26.517307 [THz] =     884.522147 [cm-1]
 (  0.000000 -0.000000 -0.222667  0.671149 -0.000000 -0.000000 ) 
 ( -0.000000 -0.000000 -0.692535  0.142733 -0.000000  0.000000 ) 
     freq (    4) =      33.897433 [THz] =    1130.696667 [cm-1]
 (  0.241374  0.139357 -0.000000  0.000000 -0.324922  0.562782 ) 
 (  0.000000 -0.000000  0.000000  0.000000  0.707121  0.000000 ) 
     freq (    5) =      33.897433 [THz] =    1130.696667 [cm-1]
 ( -0.249953  0.599851  0.000000  0.000000  0.257273  0.107204 ) 
 (  0.701265 -0.090816 -0.000000  0.000000 -0.000000  0.000000 ) 
     freq (    6) =      38.868164 [THz] =    1296.502382 [cm-1]
 ( -0.000000  0.000000 -0.431919  0.559843  0.000000 -0.000000 ) 
 (  0.000000 -0.000000  0.700828  0.094136 -0.000000  0.000000 ) 
 **************************************************************************
